2.82358
3.75657
2.7228
2.9008
2.84013
3.54651
2.84013
3.62001
4.70965
3.83369
0.740916
3.24391
3.37909
3.04175
0.893012
3.37909
2.44144
3.35493
4.47774
3.76244
2.82358
2.44144
2.84013
1.08153
4.81074
1.77334
1.00725
3.11949
4.87092
4.91497
3.808
3.9158
3.06183
3.1047
3.55711
1.32838
3.15702
3.26652
2.66072
2.84013
3.05153
3.07898
0.576467
3.29959
1.77334
2.66072
1.08153
2.87942
3.75657
2.7228
3.25618
3.2855
4.6124
2.87942
4.86812
3.35493
1.96158
2.7228
1.77334
0.908881
4.90294
3.53107
2.7228
3.19748
2.84013
3.2842
3.19097
3.20443
3.09291
3.9158
3.2842
4.8697
3.13606
4.71502
3.37909
2.87942
4.56993
3.8452
3.06183
3.76244
0.769237
4.47774
2.84013
3.04175
4.1279
3.29959
3.13606
2.47694
3.75657
2.66072
2.73437
1.60281
3.2842
0.893012
3.70287
4.97563
3.35493
4.8697
1.08153
1.77418
4.22062
1.98891
3.76244
4.58634
2.89877
3.62001
2.9008
3.76244
7.91347
3.07229
3.06124
3.9158
2.42201
3.55539
3.76244
3.03718
0.740916
3.06124
3.35493
2.96367
0.576467
3.91195
4.57751
4.87883
3.35493
1.44799
3.02261
4.69457
0.740916
2.7228
4.50875
3.03718
4.60572
1.08153
3.42837
4.1279
3.80548
3.84169
1.12279
2.14676
3.03964
4.41783
2.69528
4.85717
3.26652
1.32838
0.893012
3.11949
1.6444
0.893012
0.740916
2.69528
4.67917
3.29959
0.576467
2.04026
4.94689
3.29959
3.55539
3.71499
4.69457
1.32838
1.12279
2.84013
4.87883
2.14676
2.98512
1.08153
4.45956
4.66742
3.23127
3.83369
3.75657
3.58223
3.26652
3.35493
3.12822
4.45956
3.98345
0.740916
0.576467
4.75295
3.46238
3.7565
2.66072
4.65817
4.47774
0.576467
3.19097
3.06124
2.89877
4.21293
1.60281
1.77418
0.908881
1.32838
4.41783
2.7228
4.99617
4.75295
3.54761
3.04175
0.576467
3.15754
3.06366
4.05233
0.769237
1.33624
2.72577
3.56872
4.69403
3.79286
3.62001
3.6534
1.03176
4.47774
4.91497
4.88123
4.67043
3.9158
4.67043
1.77418
3.76244
1.33624
4.67043
3.76244
1.12279
3.98076
2.39173
0.769237
4.1203
1.60281
4.47774
4.1203
4.88924
1.32838
2.39173
2.96367
3.98789
1.35395
3.25552
2.87942
3.56872
2.84013
0.576467
2.84013
1.08153
4.1203
4.95109
1.96158
3.07898
4.58634
6.75745
3.11949
2.66072
3.2842
1.50198
2.69528
1.32838
2.87942
2.85368
3.06124
0.576467
3.3092
0.893012
3.21474
0.576467
3.53107
4.47774
3.13606
3.44007
3.25618
3.07229
2.87
5.40078
1.03176
0.576467
3.97268
3.2842
0.769237
4.70441
0.769237
0.740916
4.67043
2.9008
2.98512
2.7228
3.2842
4.1203
2.98512
2.9008
3.62001
2.9008
3.94709
2.87942
4.98573
3.76244
4.47217
4.69457
2.84013
4.84893
3.09371
1.08153
3.0139
0.893012
3.98076
4.79718
3.75657
0.576467
4.45956
1.08153
3.9158
3.25552
3.07229
0.576467
2.85368
1.12279
3.76244
3.13606
4.79951
3.03718
4.95109
3.28927
2.87942
3.33313
3.89336
3.89336
2.98512
2.66072
3.83369
1.12279
3.25552
2.98512
2.69659
0.893012
4.47774
4.70965
4.69457
2.9008
4.47774
3.58223
3.65571
2.85368
3.15754
4.84888
2.00637
2.89877
4.46825
4.68563
2.82358
2.7228
3.26652
2.30479
3.98076
4.17462
4.67231
4.69457
4.29909
3.7565
5.31987
0.576467
3.98789
5.99339
0.576467
2.39173
4.22062
3.25552
0.576467
2.82358
3.1223
4.47985
2.04026
3.83369
4.17462
0.740916
1.24772
2.84013
2.74396
2.87942
5.65495
3.11949
4.69403
4.09196
3.76244
3.04175
3.89336
2.42201
3.7565
2.66072
4.87278
3.79286
4.67678
0.576467
3.48825
2.42201
2.7228
1.97702
0.576467
4.22107
0.576467
1.00725
4.95109
0.740916
3.33313
4.80586
2.85368
4.41783
4.64045
3.81668
2.7228
3.13606
0.740916
1.12279
3.75657
3.25552
2.69528
5.23661
3.55711
3.76244
4.65817
4.56993
3.58223
1.32838
2.84013
4.70965
3.42837
3.35493
4.47774
3.25552
4.14857
2.7228
3.54651
4.69457
0.746689
1.50198
3.03718
3.98076
3.19097
0.908881
2.98512
4.97618
3.8452
0.576467
3.48825
3.98852
1.05441
4.13831
3.24391
1.32838
1.77418
2.85368
4.2628
3.03718
1.96158
2.88609
2.87942
2.87942
3.28927
3.14867
2.9008
0.893012
4.97563
1.77418
2.98512
2.85368
3.26652
2.76139
4.69457
3.83369
4.70965
4.65017
1.33624
4.45002
4.86189
2.9008
2.9008
0.576467
3.55539
4.58634
3.98076
4.86812
3.14867
3.37909
2.89877
2.89877
4.74617
4.69457
1.60281
3.2842
2.85368
3.56872
1.60281
4.17462
2.85368
3.70287
1.32838
0.893012
2.53462
2.87942
1.32838
1.24772
4.51815
4.69457
2.82358
3.62697
2.89877
5.55381
4.98864
0.640858
3.23127
2.7228
3.43336
4.69496
3.94709
3.11972
2.84427
3.88419
2.72397
2.84013
4.6124
0.521721
3.83369
2.88932
2.04026
1.77418
3.21568
2.82358
4.93689
4.90492
5.06574
3.37628
3.89707
1.00725
3.2842
2.84013
0.799873
3.03718
3.76806
3.57084
3.71925
3.55539
3.62697
1.12279
1.00839
2.47333
4.77407
1.08153
5.76659
3.15702
3.80932
4.58562
3.55711
2.44144
3.92573
4.84663
4.3612
2.82358
4.90492
4.22897
4.49824
1.08153
0.562278
2.89221
4.75968
2.82358
3.91195
4.33194
3.35493
3.46238
5.18675
2.3952
4.74385
2.72528
2.30137
3.33046
2.79616
3.49911
2.21105
3.21259
1.15687
2.82675
1.99629
4.44067
5.62935
3.16752
3.04104
5.32027
3.68694
3.57215
1.35537
3.69647
1.77418
4.46943
3.38292
2.82358
3.89982
3.6622
1.7986
3.13606
1.77334
3.75957
2.94699
2.27406
2.85368
3.63603
3.30659
3.70287
1.77334
3.35493
4.15634
3.02261
1.71151
4.1612
3.16912
4.90778
0.452931
4.2773
2.77908
4.81304
3.76244
3.25618
2.25068
1.92815
3.9158
4.40999
2.66072
4.53734
3.09016
3.92128
3.83369
4.40014
4.7779
3.54377
4.33
4.57751
4.2463
4.8691
2.89992
1.37579
4.69457
5.92284
4.30081
3.11949
3.03718
4.60572
4.20473
3.07559
4.1279
4.05233
3.98345
3.70477
2.25988
3.01333
1.35166
2.69528
1.33624
4.7119
1.03176
0.893012
3.02698
3.33313
3.72647
3.60011
3.02345
3.26652
3.33313
0.576467
4.82837
4.94689
3.2842
3.55539
3.71499
3.08862
1.45719
1.77418
2.84013
3.19305
3.91195
2.98512
4.88858
2.19943
1.77418
3.74621
4.34793
0.740916
3.33313
3.26652
4.3981
4.22198
4.45956
3.98345
2.70092
3.83019
4.75295
1.43879
3.7565
3.43792
1.60281
2.44096
1.96158
3.40317
3.54115
4.0397
3.2842
1.08153
1.72032
0.908881
3.21991
3.51171
4.41783
0.740916
1.35395
1.71935
3.9899
2.16274
4.7168
2.76139
5.97751
3.16103
1.33624
2.62468
3.15965
5.50302
3.44506
3.70287
3.6534
2.86972
3.99771
4.09321
4.57781
4.74246
4.69457
6.36881
3.55444
3.76244
3.98345
2.78361
6.00264
0.653603
1.77334
1.78217
1.03194
4.1203
3.25618
2.44144
4.1203
4.40236
1.11348
3.17084
3.84593
4.19782
3.59445
3.98076
3.02261
3.56872
4.97563
0.576467
2.84013
1.08153
2.94784
3.64948
3.58223
4.99523
3.98345
2.82358
2.20096
2.69528
1.08153
2.96881
3.26015
3.08872
2.78596
3.98345
3.10674
2.59846
3.3092
3.60011
4.14854
0.576467
0.740916
0.979391
5.32421
1.67561
3.25618
4.56732
2.87
7.08439
7.08439
2.78727
7.08439
7.08439
4.30413
4.20435
7.08439
2.66072
7.08439
3.50205
2.98512
7.08439
7.08439
4.1203
7.08439
7.08439
2.64763
4.607
7.08439
2.53698
7.08439
4.25045
2.6039
7.08439
7.08439
4.70962
7.08439
7.08439
2.30683
1.98891
7.08439
4.79718
7.08439
3.71629
7.08439
7.08439
7.08439
4.71502
7.08439
7.08439
7.08439
4.74013
7.08439
7.08439
7.08439
3.03718
7.08439
7.08439
7.08439
1.77334
7.08439
7.08439
7.08439
2.0437
7.08439
7.08439
7.08439
2.98512
7.08439
7.08439
7.08439
3.58535
7.08439
7.08439
7.08439
2.66072
7.08439
7.08439
7.08439
3.06744
7.08439
7.08439
7.08439
3.07898
7.08439
7.08439
7.08439
7.08179
7.08439
7.08439
7.08439
7.08179
7.08439
7.08439
7.08439
1.81987
7.08439
7.08439
7.08439
4.14854
7.08439
7.08439
7.08439
2.82358
7.08439
7.08439
7.08439
2.39173
7.08439
7.08439
7.08439
3.29959
7.08439
7.08439
7.08439
7.08179
7.08439
7.08439
7.08439
3.54423
7.08439
7.08439
7.08439
2.66072
7.08439
7.08439
7.08439
0.576467
7.08439
7.08439
7.08439
4.70442
7.08439
7.08439
7.08439
2.66072
7.08439
7.08439
7.08439
7.08179
7.08439
7.08439
7.08439
5.04057
7.08439
7.08439
7.08439
7.08439
7.08439
7.08439
7.08439
7.08439
7.08439
7.08439
7.08439
7.08439
7.08439
7.08439
7.08439
7.08439
7.08439
7.08439
7.08439
7.08439
7.08439
7.08439
7.08439
7.08439
7.08439
7.08439
7.08439
7.08439
7.08439
7.08439
7.08439
7.08439
7.08439
7.08439
7.08439
2.23791
4.83445
4.13831
2.78775
1.76538
3.88419
2.85368
0.576467
3.03718
2.58277
0.847981
1.77418
2.82358
3.14867
2.82358
2.9008
2.82358
1.50198
2.82358
4.71502
2.82358
2.82358
2.82358
4.47774
3.83369
2.87019
4.65017
2.82358
4.22662
2.82358
2.82358
4.73734
2.82358
3.55539
4.58634
2.82358
5.85401
2.82358
2.69528
2.82358
1.77418
2.82358
2.82358
1.60281
2.82358
2.82358
2.82358
3.44007
4.17462
2.82358
2.82358
2.82358
2.82358
1.24772
2.87942
1.32838
1.7341
4.51815
2.82358
2.82358
2.82358
2.89877
2.84013
4.98864
3.76244
2.82358
3.02764
2.82358
0.893012
3.13606
4.37522
3.98852
2.39173
3.48825
3.40317
3.11949
1.60281
3.13606
0.799873
4.86999
2.66072
3.72488
1.60281
3.29959
3.06124
1.60281
3.2842
3.62001
3.55539
1.08153
1.08153
3.56001
2.85368
2.98512
0.740916
2.84013
3.48825
4.86071
2.9008
1.77885
1.77334
4.73707
3.15754
3.09371
0.576467
1.24772
4.47774
3.01728
2.82358
4.70441
3.44007
4.73707
3.48825
4.8697
5.04238
2.92342
1.08153
0.740916
4.47217
3.02764
4.88957
3.35493
4.59296
3.25552
3.06124
2.9008
3.98345
0.893012
1.70131
3.75657
3.9158
1.60281
4.60225
1.08153
3.83369
2.82358
2.44144
3.48825
0.769237
2.82358
1.77334
3.9158
4.87883
3.37909
2.72577
4.18274
3.69647
2.84013
3.11949
2.7228
3.55711
0.740916
3.12552
0.893012
1.08153
5.80538
3.11949
2.98512
3.25552
4.01085
3.36062
4.59296
3.3092
4.87092
4.65464
4.73734
4.65817
3.03718
1.08153
1.67561
4.03831
3.98076
3.19328
4.45762
3.09371
3.02573
3.98345
3.07229
4.58634
3.13606
4.5482
1.32838
3.9016
1.60281
3.11949
2.98512
4.1203
3.97268
2.89877
3.83369
3.14867
1.77418
4.6124
1.32838
4.81672
4.69457
0.576467
1.08153
3.83369
3.15702
3.06366
3.76244
3.12552
8.11813
2.72577
3.13606
3.19305
1.03176
4.60572
3.07898
4.45956
3.78398
3.9158
0.740916
0.893012
1.97702
3.14867
4.70225
1.77418
3.06366
1.08153
3.54367
2.9008
3.13606
4.99617
1.67561
3.56001
3.13606
2.7228
3.40317
2.82358
2.84013
1.77334
2.88609
3.76244
1.67561
2.84013
0.769237
4.2628
12.1639
2.87914
0.576467
3.53107
0.576467
5.47902
3.75657
4.5179
4.17462
3.98789
3.72488
3.20443
3.29959
3.40317
3.7718
2.9008
3.40317
3.23127
4.43143
3.19748
0.893012
0.769237
0.799873
3.23127
2.66072
4.05233
4.84888
4.91497
3.65481
3.14867
3.9158
2.88609
2.9008
4.87042
3.25552
3.9158
3.21474
3.76244
3.37909
1.30338
4.47774
4.58175
3.11949
4.70518
2.98512
1.67561
3.2842
3.40317
1.12279
0.746689
4.69457
3.62001
2.66072
3.15702
4.65817
1.32838
2.88609
4.73707
3.37909
0.740916
4.44105
3.0139
4.29909
3.79286
1.12279
3.25303
2.84013
3.9158
3.55711
3.07898
1.08153
1.98891
2.9008
2.7228
1.24772
2.39173
1.03176
2.87942
2.69659
8.44477
3.09371
4.98864
2.04026
5.63356
3.25552
3.06124
3.06839
3.04175
4.50133
2.92342
3.33313
0.576467
0.769237
2.89877
3.19097
3.11949
3.70287
3.07235
3.55711
3.40317
3.55711
4.01085
2.98512
7.84375
3.23127
8.78397
1.33624
3.13606
3.02764
3.80876
4.88311
4.57751
3.48825
4.75027
3.98852
4.64082
3.99334
3.62697
1.08153
5.26139
2.7228
4.47985
3.65571
3.55711
4.71926
3.62697
3.29959
4.69403
3.62001
3.11949
2.7228
3.42837
0.576467
2.7228
2.87942
3.98076
3.02261
2.39173
0.893012
2.7228
1.77418
4.03373
3.98789
3.94709
2.92342
3.55539
3.9295
3.13606
3.9158
4.31459
1.12279
2.53698
3.06183
3.8452
3.98852
2.92342
4.84893
2.39173
2.53462
3.15187
4.45762
4.99185
3.03718
3.65571
1.33624
3.1959
4.70727
4.44105
4.73734
3.94709
2.7228
1.97445
3.37909
3.71499
3.01728
3.06183
3.8452
3.19748
2.98512
3.35493
3.2855
2.76139
3.48825
2.85368
3.15754
0.576467
4.08124
0.740916
1.32838
1.05441
4.47774
3.98076
4.71032
2.89877
4.07116
3.19305
3.28927
1.60281
4.89877
3.98345
4.87278
3.03718
1.60281
2.9008
4.01085
0.576467
2.72577
3.11949
1.03176
3.76244
4.29909
4.79951
3.11949
1.03176
0.740916
3.93611
4.8697
3.29959
1.05441
3.46238
4.70784
4.87278
4.50693
3.98789
2.98512
3.40317
4.58634
4.47774
4.6124
3.2842
2.9008
3.70287
3.83369
2.82358
4.59955
3.1959
4.94689
3.40317
1.77334
2.7228
2.82358
3.1503
3.29959
2.84013
2.14676
4.41349
3.07229
4.69403
4.17462
3.09371
3.25552
4.70965
4.47774
3.70287
0.576467
3.9158
5.81297
4.86448
3.13606
1.77885
3.89336
5.21221
1.67561
3.15702
3.98345
1.98891
3.06124
0.576467
1.03176
2.53698
3.37909
2.87914
3.1959
2.44534
1.32838
3.28927
4.91497
3.06183
1.12279
3.12552
3.1571
4.87042
1.29631
2.9008
0.576467
3.98789
3.28927
3.24391
4.51815
4.97662
2.87
3.6534
4.8672
3.2842
4.69457
4.76319
3.35493
3.93611
3.75657
4.29909
0.799873
2.76139
2.42201
3.26652
4.98864
2.49039
2.9008
3.03718
0.576467
3.23127
3.65571
3.06124
3.29959
5.64524
2.87942
3.04175
4.141
3.28927
3.02764
4.69457
4.1203
4.70441
3.37954
0.740916
3.29959
2.98512
4.47774
2.39173
4.69457
1.60281
3.03718
4.81672
4.67678
3.48825
3.26015
3.03718
3.63603
1.60281
3.29959
1.08153
4.79951
0.893012
3.57884
1.44799
5.86742
4.3943
5.5624
3.15587
4.10967
1.32838
3.03718
0.740916
5.56606
2.73437
4.46656
2.44144
3.29959
4.61603
1.77334
3.35205
3.6547
3.55539
3.63603
2.85368
5.72444
1.96158
2.98512
2.85368
1.32838
4.97618
2.44144
0.916039
3.36062
4.90427
4.73707
3.15754
4.52173
2.88609
3.52046
5.27893
2.44144
0.873471
3.14136
5.73912
4.47774
4.64477
3.96723
5.04238
4.34863
3.15147
0.740916
3.07368
3.36406
4.67231
3.2842
5.20582
0.799873
2.85368
4.69971
3.98345
4.56114
0.893012
1.77418
3.9158
3.63603
2.85763
5.75688
3.57493
4.00351
2.44144
3.99392
5.71652
2.82358
5.27504
3.13904
2.88609
5.54369
3.44007
0.769237
4.02979
4.35325
4.5179
1.74417
3.55711
1.6798
3.13793
3.09958
3.19305
3.84169
4.65464
2.98512
4.00918
3.84169
5.20697
3.03902
4.14857
4.49078
2.92406
3.15702
4.65817
3.03718
3.44007
2.80017
2.39173
3.54248
3.71984
4.45762
3.09371
3.7944
3.90022
3.07229
1.2642
5.2981
2.42201
1.32838
3.9016
1.60281
4.59739
5.625
2.55558
3.97268
2.66072
1.67878
3.14867
3.04101
2.44144
5.70127
3.85258
4.40999
3.60809
1.03176
3.75868
1.77751
3.75211
1.24772
1.03176
2.97538
3.98076
3.13606
3.19305
3.33313
0.576467
3.50932
1.08153
4.20487
2.85368
3.05714
3.63603
1.42824
5.53282
3.85825
3.1959
4.74812
5.85401
0.993257
4.39054
5.5755
5.433
5.45956
2.39173
3.13606
4.0553
3.40317
1.60281
2.84013
1.91222
2.99477
3.24391
3.46554
3.07229
0.769237
3.98076
3.9838
1.46272
3.65603
2.77718
3.15066
4.88597
3.63603
3.7609
4.17462
4.65258
3.1441
1.12279
2.69528
1.97937
5.9809
3.26652
3.40317
4.07802
5.29834
4.04141
3.26015
4.58306
2.14676
4.86999
3.50686
0.769237
4.68616
2.19189
3.18774
3.51752
2.73437
3.12703
3.11949
3.1373
3.7919
2.69528
4.29614
3.76244
5.91279
4.91208
4.47774
4.58175
3.96632
4.51447
4.94895
4.27462
5.36852
3.26815
4.77009
1.08153
4.66285
1.60281
2.66072
5.72933
4.65817
1.32838
4.69412
0.740916
3.37909
3.49571
3.94192
3.0139
4.29909
1.12279
3.83982
3.25303
2.84013
3.25004
3.55711
5.20113
3.10772
5.29017
2.48266
2.7228
3.44007
2.39173
4.63529
4.80857
0.893012
3.95101
2.7228
4.97034
3.16469
5.03925
1.90205
3.06124
4.98864
4.64045
4.50133
3.40152
3.44007
0.576467
0.893012
4.97306
3.2842
3.11949
4.10136
3.99155
4.13097
4.65817
3.65315
4.01085
2.98512
7.08647
7.08647
3.8124
7.08647
7.08647
3.02764
4.70518
7.08647
2.3164
7.08647
0.576467
7.08434
7.08647
7.08647
2.88609
7.08647
7.08647
4.86999
3.26015
7.08647
3.35072
7.08647
7.08434
3.26652
7.08647
7.08647
3.00747
7.08647
7.08647
7.08434
2.7228
7.08647
1.82809
7.08647
3.53068
7.08647
7.08647
7.08647
3.19678
7.08647
7.08647
7.08647
7.08434
7.08647
7.08647
7.08647
3.40654
7.08647
7.08647
7.08647
7.08434
7.08647
7.08647
7.08647
3.86173
7.08647
7.08647
7.08647
5.3455
7.08647
7.08647
7.08647
7.08434
7.08647
7.08647
7.08647
5.04282
7.08647
7.08647
7.08647
3.71499
7.08647
7.08647
7.08647
7.08434
7.08647
7.08647
7.08647
7.08439
7.08647
7.08647
7.08647
7.08439
7.08647
7.08647
7.08647
7.08434
7.08647
7.08647
7.08647
7.08434
7.08647
7.08647
7.08647
0.576467
7.08647
7.08647
7.08647
3.20426
7.08647
7.08647
7.08647
7.08434
7.08647
7.08647
7.08647
7.08439
7.08647
7.08647
7.08647
3.26652
7.08647
7.08647
7.08647
7.08434
7.08647
7.08647
7.08647
4.24047
7.08647
7.08647
7.08647
3.40317
7.08647
7.08647
7.08647
7.08434
7.08647
7.08647
7.08647
7.08439
7.08647
7.08647
7.08647
3.40317
7.08647
7.08647
7.08647
7.08647
7.08647
7.08647
7.08647
7.08647
7.08647
7.08647
7.08647
7.08647
7.08647
7.08647
7.08647
7.08647
7.08647
7.08647
7.08647
7.08647
7.08647
7.08647
7.08647
7.08647
7.08647
7.08647
7.08647
7.08647
7.08647
7.08647
7.08647
7.08647
7.08647
7.08647
7.08647
4.73958
1.32838
1.24682
2.57375
1.68425
2.88609
1.77418
0.406637
1.64771
3.14638
3.03718
3.2842
0.893012
1.08153
0.893012
1.08153
4.97662
2.69528
1.24772
0.893012
0.893012
0.893012
0.893012
3.35493
2.73689
3.75657
4.99617
4.45561
2.76139
0.893012
3.55711
4.98864
0.893012
2.44144
0.893012
3.02261
0.893012
3.65571
3.06124
0.893012
1.50198
2.44144
3.58223
0.893012
0.893012
0.893012
0.893012
0.893012
0.893012
0.893012
0.893012
3.29959
1.75211
4.47774
0.893012
0.893012
1.60281
0.893012
4.81672
1.33624
0.769237
3.19305
0.893012
0.893012
1.08153
0.893012
1.67561
0.893012
