123.352 6.82922 
147.261 8.48114 
146.074 9.52728 
112.291 1.03546 
107.843 0.467224 
131.859 0.161743 
129.282 3.18934 
121.141 0.769043 
142.418 0.914612 
148.233 5.19077 
147.22 9.48029 
122.074 0.562825 
135.382 6.15784 
122.22 3.89069 
133.815 9.64966 
112.981 1.31195 
134.137 9.38477 
145.119 0.742493 
128.003 4.8407 
142.332 9.41986 
117.078 0.443726 
148.233 5.19077 
130.981 2.00217 
121.455 4.13582 
130.234 4.91028 
106.358 1.68457 
130.679 3.01147 
130.583 0.98999 
142.024 4.58557 
135.332 5.88684 
114.685 3.59528 
116.173 5.02747 
117.661 2.34436 
145.938 2.75879 
122.677 2.77781 
138.309 2.82745 
134.012 5.34821 
105.85 1.08246 
141.522 7.30804 
131.215 3.46977 
120.609 4.67499 
128.375 5.63568 
132.77 0.962524 
117.107 7.76031 
113.333 4.44244 
144.76 4.66797 
118.513 1.37665 
131.889 3.59619 
106.656 0.171814 
143.489 7.3764 
142.332 9.41986 
147.202 4.3381 
142.024 4.58557 
105.85 1.08246 
147.314 5.25726 
141.066 8.85712 
135.315 5.3891 
131.859 0.161743 
118.513 1.37665 
139.734 6.94855 
108.577 5.94574 
139.471 1.26561 
117.58 0.144958 
147.261 8.48114 
117.107 7.76031 
100.089 3.74603 
105.85 1.08246 
104.074 3.30963 
146.034 9.05792 
122.677 2.77781 
132.813 0.51239 
131.889 3.59619 
111.925 5.59387 
134.907 1.5136 
138.309 2.82745 
128.897 2.08038 
149.873 7.72491 
145.103 3.95477 
136.571 3.30078 
141.522 7.30804 
123.116 4.65607 
140.996 4.02496 
137.059 0.317688 
122.074 0.562825 
135.538 0.984802 
133.208 1.50757 
114.975 3.51013 
113.333 4.44244 
142.418 0.914612 
138.309 2.82745 
130.228 3.53973 
126.782 0.0393677 
119.18 0.276184 
119.376 6.88171 
121.451 1.76819 
106.358 1.68457 
148.285 7.68951 
139.674 1.92158 
102.879 3.66577 
131.439 4.01703 
138.309 2.82745 
145.938 2.75879 
139.122 5.63568 
118.05 3.79883 
130.294 2.82494 
103.558 6.24676 
133.383 0.444641 
123.352 6.82922 
122.677 2.77781 
137.697 0.85907 
114.685 3.59528 
139.148 0.568237 
134.863 1.4267 
146.671 3.508 
132.139 7.44487 
119.835 2.2821 
109.668 2.33917 
130.325 5.82214 
132.77 0.962524 
138.873 1.94672 
107.626 3.02277 
121.875 1.46332 
134.137 9.38477 
142.447 6.46454 
117.661 2.34436 
145.747 8.07739 
139.471 1.26561 
146.671 3.508 
108.611 5.98328 
107.843 0.467224 
112.276 3.33901 
115.262 4.75098 
130.981 2.00217 
108.676 1.83746 
117.027 6.11633 
142.357 0.213623 
118.437 1.0376 
145.25 4.29718 
142.332 9.41986 
109.668 2.33917 
135.497 5.44128 
119.241 6.60675 
137.81 1.52771 
123.863 5.93719 
129.42 2.16217 
149.164 0.977859 
119.136 1.31256 
145.399 4.32922 
128.375 5.63568 
143.268 7.29889 
109.668 2.33917 
106.358 1.68457 
129.506 4.69238 
105.85 1.08246 
107.843 0.467224 
136.391 8.21289 
129.839 7.82257 
124.082 8.82155 
102.38 4.83215 
149.873 7.72491 
105.85 1.08246 
109.668 2.33917 
129.282 3.18934 
147.314 5.25726 
139.471 1.26561 
118.437 1.0376 
147.202 4.3381 
106.343 2.94403 
100.099 3.17047 
115.52 4.83734 
100.172 3.98651 
136.278 4.28022 Y2: 26.9131 Y3: 110.326 Y4: 7.43713 
139.471 1.26561 
117.661 2.34436 
135.332 5.88684 
137.81 1.52771 
129.42 2.16217 
134.245 6.79626 
144.162 5.49652 
146.359 5.98328 
149.873 7.72491 
102.879 3.66577 
119.15 0.0427246 
143.932 3.96057 
145.026 5.95909 
121.481 1.5213 
145.25 4.29718 
119.137 1.3639 
119.835 2.2821 
134.863 1.4267 
143.924 0.607897 
139.674 1.92158 
116.33 6.42939 
121.339 0.946655 
123.109 6.0611 
107.492 3.31841 
144.557 9.62006 
143.381 3.77296 
119.18 0.276184 
142.332 9.41986 
105.692 0.684814 
111.514 1.8811 
105.089 3.89374 
144.098 4.03809 
147.66 4.05579 
100.063 5.63568 
128.375 5.63568 
106.283 3.04285 
121.339 0.946655 
146.661 8.87268 
117.987 8.16254 
121.481 1.5213 
119.835 2.2821 
118.05 3.79883 
115.128 0.507202 
119.137 1.3639 
147.261 8.48114 
113.785 2.41547 
142.418 0.914612 
131.859 0.161743 
127.885 0.37262 
126.227 7.04369 
111.514 1.8811 
141.498 8.86017 
130.294 2.82494 
117.548 3.1427 
145.105 2.17792 
124.012 5.66633 
137.152 5.02106 
117.661 2.34436 
118.315 6.99158 
114.156 0.0222778 
148.233 5.19077 
133.833 4.56726 
111.505 1.88019 
141.388 5.59021 
102.454 3.86169 
123.352 6.82922 
130.325 5.82214 
107.551 4.71481 
109.262 3.46893 
102.38 4.83215 
137.109 8.08014 
110.231 1.97723 
140.196 5.34637 
131.215 3.46977 
142.024 4.58557 
145.334 5.06073 
143.892 3.90503 
141.522 7.30804 
127.257 2.59038 
146.671 3.508 
124.609 6.08765 
137.059 0.317688 
141.522 7.30804 
133.707 5.22919 
136.678 7.38373 
144.183 9.97223 
138.76 7.75482 
121.191 0.861511 
122.925 3.19427 
139.166 3.05359 
141.522 7.30804 
128.375 5.63568 
118.919 0.760885 
117.078 0.443726 
117.661 2.34436 
129.198 0.764465 
127.557 0.639038 
135.327 0.854492 
112.981 1.31195 
145.938 2.75879 
113.785 2.41547 
112.276 3.33901 
113.004 2.2226 
107.626 3.02277 
115.331 2.59552 
137.81 1.52771 
130.981 2.00217 
114.975 3.51013 
126.782 0.0393677 
137.697 0.85907 
137.81 1.52771 
122.636 0.507507 
101.436 0.870041 
106.283 3.04285 
146.671 3.508 
142.447 6.46454 
110.231 1.97723 
149.75 0.153503 
120.635 5.33264 
142.078 5.16479 
131.958 6.67023 
124.5 3.51642 
130.234 4.91028 
118.315 6.99158 
109.668 2.33917 
110.396 0.873413 
133.707 5.22919 
137.531 1.14044 
141.522 7.30804 
148.05 0.988464 
132.77 0.962524 
142.052 5.47882 
114.478 1.0611 
109.497 3.35938 
128.123 3.96038 
129.597 5.28992 
107.843 0.467224 
103.558 6.24676 
132.284 5.01492 
102.879 3.66577 
128.729 3.57411 
141.075 7.82196 
100.099 3.17047 
118.315 6.99158 
138.385 3.86749 
130.981 2.00217 
140.944 9.70032 
136.678 7.38373 
135.382 6.15784 
148.233 5.19077 
143.489 7.3764 
125.773 2.38127 
119.136 1.31256 
110.231 1.97723 
137.366 4.96887 
115.775 0.452257 
148.317 1.1734 
103.543 4.05426 
144.183 9.97223 
145.959 9.96674 
137.892 7.39227 
141.522 7.30804 
142.052 5.47882 
117.661 2.34436 
112.291 1.03546 
122.16 2.51556 
107.843 0.467224 
130.155 2.48592 
114.685 3.59528 
118.066 1.5155 
107.626 3.02277 
137.405 6.0379 
144.672 3.23395 
126.74 2.43408 
136.79 8.17189 
141.066 8.85712 
133.71 4.9795 
141.059 6.4727 
122.925 3.19427 
140.944 9.70032 
119.835 2.2821 
117.661 2.34436 
130.325 5.82214 
112.967 6.78192 
105.85 1.08246 
140.196 2.42096 
141.733 0.350952 
122.925 3.19427 
147.307 8.37158 
123.28 7.06726 
105.023 4.63837 
113.333 4.44244 
147.66 4.05579 
108.511 4.46777 
133.305 5.75134 
122.667 6.427 
142.024 4.58557 
117.807 1.07574 
121.455 4.13582 
106.343 2.94403 
142.447 6.46454 
128.003 4.8407 
139.908 9.00574 
141.522 7.30804 
132.77 0.962524 
130.583 0.98999 
132.77 0.962524 
146.909 9.16656 
106.358 1.68457 
145.103 3.95477 
140.018 2.19513 
134.106 5.23117 
130.583 0.98999 
114.023 6.77063 
117.421 6.97144 
121.141 0.769043 
114.943 0.322266 
148.05 0.988464 
113.333 4.44244 
148.764 6.17615 
112.305 6.49597 
130.583 0.98999 
140.199 3.49575 
135.052 1.5402 
141.522 7.30804 
145.25 4.29718 
130.679 3.01147 
105.85 1.08246 
103.944 5.95978 
107.626 3.02277 
126.74 2.43408 
138.385 3.86749 
141.522 7.30804 
141.219 7.2688 
138.309 2.82745 
127.557 0.639038 
148.396 0.577393 
144.331 1.06964 
139.166 3.05359 
145.334 5.06073 
114.023 6.77063 
140.196 5.34637 
141.733 0.350952 
148.05 0.988464 
131.215 3.46977 
117.661 2.34436 
146.034 9.05792 
143.381 3.77296 
139.845 3.0542 
144.331 1.06964 
145.399 4.32922 
148.872 4.87885 
112.981 1.31195 
119.621 2.66205 
142.997 2.27267 
149.164 0.977859 
118.513 1.37665 
114.156 0.0222778 
139.166 3.05359 
111.371 2.86102 
127.271 7.35254 
145.399 4.32922 
109.497 3.35938 
113.235 2.1018 
148.285 7.68951 
149.873 7.72491 
115.128 0.507202 
124.609 6.08765 
139.166 3.05359 
137.697 0.85907 
Y0: 4.05579 140.475 2.79572 Y2: 1578.44 Y3: -5.56111e+035 
129.055 2.64549 
118.352 0.585938 
149.873 7.72491 
115.775 0.452257 
112.959 6.80267 
123.24 6.40272 
124.866 3.43689 
148.396 0.577393 
114.685 3.59528 
120.975 6.0083 
102.454 3.86169 
122.925 3.19427 
111.514 1.8811 
141.522 7.30804 
122.433 4.40643 
124.609 6.08765 
129.198 0.764465 
105.023 4.63837 
115.346 4.30145 
113.283 4.49005 
135.13 0.0793457 
113.715 4.501 
118.437 1.0376 
114.685 3.59528 
126.086 9.47052 
138.873 1.94672 
148.05 0.988464 
128.003 4.8407 
122.915 7.34142 
100.018 2.03461 
100.018 2.03461 
145.973 1.76788 
115.262 4.75098 
107.838 6.29669 
113.333 4.44244 
134.245 6.79626 
140.996 4.02496 
139.674 1.92158 
115.17 9.96185 
116.005 4.62799 
136.571 3.30078 
129.42 2.16217 
118.513 1.37665 
118.05 3.79883 
106.283 3.04285 
145.848 7.5592 
137.733 0.474854 
121.191 0.861511 
103.694 4.36707 
136.79 8.17189 
107.838 6.29669 
144.933 4.78058 
128.003 4.8407 
120.557 6.30035 
124.663 3.23486 
142.997 2.27267 
102.879 3.66577 
144.873 0.846863 
116.005 4.62799 
132.448 9.53979 
130.234 4.91028 
125.06 1.52649 
119.137 1.3639 
143.712 5.47002 
132.484 5.86151 
106.966 2.00165 
149.794 6.52069 
148.764 6.17615 
122.925 3.19427 
126.633 1.359 
102.454 3.86169 
127.504 9.87671 
116.389 0.98092 
135.955 2.6642 
118.044 5.37453 
133.32 1.69221 
128.478 4.74322 
142.418 0.914612 
148.233 5.19077 
111.829 3.35334 
128.779 4.83857 
125.01 3.03617 
136.417 6.41714 
114.13 6.70837 
112.981 1.31195 
127.435 6.95253 
141.661 7.31032 
128.003 4.8407 
138.778 2.03929 
141.255 3.33099 
124.5 3.05711 
113.901 1.37318 
113.098 0.879974 
130.234 4.91028 
119.812 3.73441 
141.522 7.30804 
131.071 5.12099 
140.104 3.85435 
118.824 4.23685 
114.685 3.59528 
119.241 6.60675 
126.884 2.69417 
111.508 1.88313 
143.166 5.17952 
140.015 4.84463 
134.012 5.34821 
112.959 6.80267 
141.899 4.62172 
111.426 5.84339 
105.594 6.633 
128.375 5.63568 
105.797 3.51574 
142.92 2.26296 
120.483 1.70702 
144.76 4.66797 
141.25 6.0798 
142.698 5.03153 
104.524 4.46197 
143.489 7.3764 
142.332 9.41986 
147.202 4.3381 
119.99 5.02441 
100.108 0.200806 
121.357 5.29253 
139.544 5.18083 
107.718 5.05829 
100.063 5.63568 
115.103 3.53654 
136.636 3.12743 
139.828 3.49835 
117.008 2.39801 
149.742 0.185547 
147.261 8.48114 
128.611 5.54367 
148.901 0.968155 
140.821 5.44793 
139.734 6.94855 
122.869 8.20184 
122.677 2.77781 
132.813 0.51239 
114.905 8.61603 
128.454 5.52605 
133.422 1.17596 
130.786 3.12903 
118.927 0.4755 
149.873 7.72491 
145.103 3.95477 
122.695 2.75954 
121.501 3.8831 
118.405 4.87668 
121.819 4.14365 
105.096 6.13131 
122.074 0.562825 
131.439 4.01703 
128.523 1.65999 
132.24 0.839539 
118.472 4.01089 
126.282 3.19207 
138.309 2.82745 
112.894 4.00235 
126.433 5.44595 
119.18 0.276184 
100.063 5.63568 
142.235 2.19214 
143.076 9.62258 
128.996 2.20349 
134.325 0.168457 
139.408 5.5215 
139.383 5.41824 
138.309 2.82745 
145.938 2.75879 
120.063 2.01823 
141.371 5.01318 
110.258 0.917053 
144.082 4.60611 
133.383 0.444641 
131.185 3.28758 
131.099 3.38124 
134.545 8.511 
146.746 8.42775 
139.148 0.568237 
116.635 4.74302 
146.671 3.508 
124.673 4.52894 
138.674 6.92964 
123.59 4.92401 
129.993 5.59249 
148.448 5.89699 
138.873 1.94672 
132.582 3.58758 
121.875 1.46332 
121.291 0.428772 
114.419 2.99913 
119.835 2.2821 
141.295 4.61691 
111.573 2.46484 
131.693 3.94257 
147.22 9.48029 
115.711 6.61826 
131.937 2.00852 
123.505 3.3045 
148.429 4.13706 
125.007 5.00663 
117.371 2.54969 
142.357 0.213623 
110.606 2.0295 
100.862 6.07025 
127.719 0.398596 
117.57 0.831886 
104.679 4.9286 
103.543 4.05426 
125.007 5.00663 
139.43 2.01646 
129.42 2.16217 
149.164 0.977859 
113.936 3.94592 
116.472 2.35088 
143.368 6.29454 
117.514 1.08702 
141.481 3.48834 
145.716 6.76902 
142.594 6.17869 
129.297 1.89195 
146.136 3.53407 
112.829 4.47055 
129.839 7.82257 
135.497 5.44128 
142.009 6.91129 
147.921 5.12487 
122.165 0.664673 
109.668 2.33917 
117.503 2.72736 
143.142 8.54234 
145.823 8.75973 
114.057 1.68768 
130.659 1.20117 
126.242 4.79048 
145.055 5.2897 
133.776 5.00761 
100.172 3.98651 
146.671 3.508 
139.471 1.26561 
112.21 2.13525 
125.007 5.00663 
108.02 1.27808 
124.399 3.96431 
119.131 1.36763 
140.553 3.55261 
127.136 6.15509 
149.873 7.72491 
102.879 3.66577 
110.115 5.63568 
121.524 6.46484 
128.381 5.72845 
144.193 2.94712 
103.757 2.64116 
148.5 0.159302 
129.438 4.09094 
134.863 1.4267 
143.924 0.607897 
125.68 6.06759 
130.583 0.98999 
121.339 0.946655 
139.389 1.29154 
107.492 3.31841 
122.003 2.75088 
116.399 4.78806 
129.223 6.72998 
123.352 6.82922 
118.697 1.00494 
109.475 3.33231 
128.633 0.372254 
108.45 8.54065 
122.925 3.19427 
145.861 8.14565 
115.176 2.95571 
127.764 5.65827 
133.549 3.65328 
141.522 7.30804 
140.541 6.27809 
107.784 3.83193 
127.242 8.57513 
118.05 3.79883 
115.128 0.507202 
132.799 2.45875 
139.841 7.0116 
143.807 3.39312 
115.126 4.69879 
137.81 1.52771 
103.212 3.63421 
117.098 5.99174 
128.826 7.17951 
115.574 3.61501 
130.294 2.82494 
119.715 1.24696 
144.131 9.95673 
117.492 3.5108 
138.742 9.84802 
115.445 1.67776 
118.315 6.99158 
122.444 6.43066 
108.284 4.28153 
133.833 4.56726 
127.362 2.81893 
145.21 4.96567 
102.454 3.86169 
123.352 6.82922 
122.809 5.95207 
138.643 3.40836 
109.262 3.46893 
122.638 5.60915 
138.061 3.80977 
129.417 5.32431 
140.196 5.34637 
122.909 1.0683 
120.271 3.75059 
138.323 2.92997 
140.847 3.28197 
141.522 7.30804 
127.257 2.59038 
146.671 3.508 
145.956 4.08447 
122.935 7.40112 
144.048 4.06523 
104.611 5.11597 
128.919 3.69846 
144.183 9.97223 
121.657 7.05109 
121.476 2.94066 
140.996 1.81171 
148.718 5.98142 
137.546 1.57168 
135.356 1.64123 
134.653 5.00663 
147.22 9.48029 
111.678 2.97817 
117.257 3.91511 
137.825 2.60388 
114.675 5.51836 
117.503 2.72736 
145.938 2.75879 
121.451 1.76819 
146.741 8.64149 
128.896 8.8957 
128.896 8.8957 
131.073 2.94001 
128.896 8.8957 
128.896 8.8957 
128.821 8.82113 
128.821 8.82113 
128.896 8.8957 
136.562 0.782776 
128.896 8.8957 
128.821 8.82113 
128.821 8.82113 
128.896 8.8957 
128.896 8.8957 
141.222 2.46822 
128.896 8.8957 
128.896 8.8957 
128.821 8.82113 
122.307 6.19141 
128.896 8.8957 
130.401 4.43586 
128.896 8.8957 
128.856 8.85592 
102.121 5.71411 
128.896 8.8957 
128.896 8.8957 
112.337 6.58804 
128.896 8.8957 
128.896 8.8957 
128.821 8.82113 
128.79 8.79016 
128.896 8.8957 
118.433 5.32902 
128.896 8.8957 
128.79 8.79016 
128.896 8.8957 
128.896 8.8957 
128.896 8.8957 
128.79 8.79016 
128.896 8.8957 
128.896 8.8957 
128.896 8.8957 
128.821 8.82113 
128.896 8.8957 
128.896 8.8957 
128.896 8.8957 
128.821 8.82113 
128.896 8.8957 
128.896 8.8957 
128.896 8.8957 
128.821 8.82113 
128.896 8.8957 
128.896 8.8957 
128.896 8.8957 
128.821 8.82113 
128.896 8.8957 
128.896 8.8957 
128.896 8.8957 
128.79 8.79016 
128.896 8.8957 
128.896 8.8957 
128.896 8.8957 
128.856 8.85592 
128.896 8.8957 
128.896 8.8957 
128.896 8.8957 
128.821 8.82113 
128.896 8.8957 
128.896 8.8957 
128.896 8.8957 
128.856 8.85592 
128.896 8.8957 
128.896 8.8957 
128.896 8.8957 
128.821 8.82113 
128.896 8.8957 
128.896 8.8957 
128.896 8.8957 
128.896 8.8957 
128.896 8.8957 
128.896 8.8957 
128.896 8.8957 
128.856 8.85592 
128.896 8.8957 
128.896 8.8957 
128.896 8.8957 
128.821 8.82113 
128.896 8.8957 
128.896 8.8957 
128.896 8.8957 
128.821 8.82113 
128.896 8.8957 
128.896 8.8957 
128.896 8.8957 
128.79 8.79016 
128.896 8.8957 
128.896 8.8957 
128.896 8.8957 
128.856 8.85592 
128.896 8.8957 
128.896 8.8957 
128.896 8.8957 
128.821 8.82113 
128.896 8.8957 
128.896 8.8957 
128.896 8.8957 
128.856 8.85592 
128.896 8.8957 
128.896 8.8957 
128.896 8.8957 
128.79 8.79016 
128.896 8.8957 
128.896 8.8957 
128.896 8.8957 
128.856 8.85592 
128.896 8.8957 
128.896 8.8957 
128.896 8.8957 
128.79 8.79016 
128.896 8.8957 
128.896 8.8957 
128.896 8.8957 
141.522 7.30804 
128.896 8.8957 
128.896 8.8957 
128.896 8.8957 
128.821 8.82113 
128.896 8.8957 
128.896 8.8957 
128.896 8.8957 
128.856 8.85592 
128.896 8.8957 
128.896 8.8957 
128.896 8.8957 
128.79 8.79016 
128.896 8.8957 
128.896 8.8957 
128.896 8.8957 
128.896 8.8957 
128.896 8.8957 
128.896 8.8957 
128.896 8.8957 
128.896 8.8957 
128.896 8.8957 
128.896 8.8957 
128.896 8.8957 
128.896 8.8957 
128.896 8.8957 
128.896 8.8957 
128.896 8.8957 
128.896 8.8957 
128.896 8.8957 
128.896 8.8957 
128.896 8.8957 
128.896 8.8957 
128.896 8.8957 
128.896 8.8957 
128.896 8.8957 
128.896 8.8957 
128.896 8.8957 
128.896 8.8957 
128.896 8.8957 
128.896 8.8957 
128.896 8.8957 
128.896 8.8957 
128.896 8.8957 
128.896 8.8957 
128.896 8.8957 
128.896 8.8957 
128.896 8.8957 
130.763 3.47929 
127.504 9.87671 
137.422 0.409162 
131.43 7.0421 
108.45 8.54065 
113.817 7.17837 
128.129 6.09102 
131.215 3.46977 
125.489 5.91544 
130.745 5.06408 
128.46 7.04177 
111.514 1.8811 
125.311 1.633 
122.433 4.40643 
123.352 6.82922 
129.198 0.764465 
100.063 5.63568 
123.352 6.82922 
123.352 6.82922 
123.352 6.82922 
123.352 6.82922 
118.437 1.0376 
123.352 6.82922 
123.352 6.82922 
123.352 6.82922 
125.18 4.26514 
122.636 0.507507 
123.352 6.82922 
123.352 6.82922 
123.352 6.82922 
123.352 6.82922 
115.262 4.75098 
123.352 6.82922 
123.352 6.82922 
131.859 0.161743 
123.352 6.82922 
139.674 1.92158 
123.352 6.82922 
123.352 6.82922 
123.352 6.82922 
118.152 7.9776 
123.352 6.82922 
118.05 3.79883 
148.123 8.5439 
123.352 6.82922 
129.282 3.18934 
123.352 6.82922 
123.352 6.82922 
136.79 8.17189 
141.522 7.30804 
123.352 6.82922 
123.352 6.82922 
128.207 1.46733 
123.352 6.82922 
123.352 6.82922 
123.352 6.82922 
147.665 4.26971 
123.352 6.82922 
123.352 6.82922 
123.352 6.82922 
123.352 6.82922 
137.454 0.959778 
102.081 5.03479 
132.484 5.86151 
148.05 0.988464 
114.478 1.0611 
123.352 6.82922 
117.078 0.443726 
131.439 4.01703 
140.237 4.47219 
145.105 2.17792 
122.636 0.507507 
138.873 1.94672 
143.002 3.37463 
108.13 4.18832 
142.052 5.47882 
120.9 4.69055 
129.42 2.16217 
116.33 6.42939 
144.557 9.62006 
140.511 0.354614 
142.418 0.914612 
107.551 4.71481 
140.944 9.70032 
127.885 0.37262 
147.66 4.05579 
143.002 3.37463 
139.674 1.92158 
132.774 6.93237 
107.492 3.31841 
119.835 2.2821 
146.074 9.52728 
111.014 3.60696 
113.333 4.44244 
110.396 0.873413 
102.068 6.41327 
120.557 6.30035 
118.066 1.5155 
107.843 0.467224 
128.123 3.96038 
114.943 0.322266 
100.172 3.98651 
137.422 0.409162 
129.055 2.64549 
132.554 6.11603 
145.105 2.17792 
122.925 3.19427 
134.93 8.07007 
105.594 6.633 
131.215 3.46977 
145.399 4.32922 
114.13 6.70837 
149.762 5.70129 
Y0: 1.88906e-035 115.471 0.407104 
114.975 3.51013 
107.626 3.02277 
122.636 0.507507 
113.715 4.501 
119.621 2.66205 
117.987 8.16254 
135.023 3.909 
140.605 4.97192 
118.513 1.37665 
100.063 5.63568 
135.699 5.5011 
137.733 0.474854 
139.775 6.77094 
133.383 0.444641 
106.283 3.04285 
104.622 3.02765 
139.122 5.63568 
122.925 3.19427 
144.873 0.846863 
132.149 2.3111 
118.437 1.0376 
103.694 4.36707 
139.674 1.92158 
141.116 9.1275 
141.522 7.30804 
127.885 0.37262 
132.501 9.69482 
107.434 2.47375 
147.665 4.26971 
131.859 0.161743 
136.678 7.38373 
111.441 0.301819 
102.068 6.41327 
135.332 5.88684 
113.235 2.1018 
140.996 4.02496 
137.152 5.02106 
114.685 3.59528 
130.481 9.56085 
129.506 4.69238 
109.146 0.176697 
132.219 0.118103 
137.422 0.409162 
108.009 3.54614 
101.436 0.870041 
118.437 1.0376 
133.305 5.75134 
147.086 3.35571 
130.679 3.01147 
127.719 0.398596 
125.476 3.78082 
134.012 5.34821 
126.227 7.04369 
139.471 1.26561 
149.899 0.975037 
145.973 1.76788 
123.996 0.891724 
131.859 0.161743 
140.944 9.70032 
140.196 5.34637 
148.05 0.988464 
102.068 6.41327 
146.671 3.508 
110.396 0.873413 
112.291 1.03546 
140.821 5.44793 
149.164 0.977859 
139.775 6.77094 
134.907 1.5136 
138.707 1.64337 
130.228 3.53973 
118.315 6.99158 
149.95 3.47382 
134.623 7.05444 
139.148 0.568237 
133.73 6.26404 
107.887 9.02161 
102.879 3.66577 
141.522 7.30804 
108.577 5.94574 
147.66 4.05579 
125.007 5.00663 
139.674 1.92158 
142.357 0.213623 
121.481 1.5213 
108.02 1.27808 
137.059 0.317688 
112.291 1.03546 
119.835 2.2821 
145.973 1.76788 
133.383 0.444641 
106.656 0.171814 
102.525 6.30951 
107.492 3.31841 
143.489 7.3764 
146.074 9.52728 
137.81 1.52771 
143.924 0.607897 
118.352 0.585938 
122.433 4.40643 
123.116 4.65607 
130.679 3.01147 
116.005 4.62799 
105.85 1.08246 
140.3 0.244141 
100.395 6.80939 
123.109 6.0611 
113.203 3.64777 
116.005 4.62799 
137.531 1.14044 
118.919 0.760885 
141.522 7.30804 
124.165 6.47705 
114.156 0.0222778 
129.282 3.18934 
134.907 1.5136 
144.415 7.16736 
106.991 0.788793 
122.22 3.89069 
109.346 6.14441 
121.455 4.13582 
128.003 4.8407 
104.176 2.84119 
100.862 6.07025 
102.38 4.83215 
136.278 3.96729 
127.719 0.398596 
135.826 5.00663 
147.202 4.3381 
134.863 1.4267 
106.656 0.171814 
147.227 4.75952 
141.522 7.30804 
143.283 0.880432 
119.835 2.2821 
132.77 0.962524 
141.066 8.85712 
103.387 1.64856 
130.481 9.56085 
109.021 2.97913 
145.103 3.95477 
105.85 1.08246 
117.987 8.16254 
146.671 3.508 
139.674 1.92158 
139.674 2.01598 Y2: 34.1497 Y3: 130.583 Y4: 0.98999 
132.677 8.508 
123.996 0.891724 
137.526 0.161743 
132.59 6.44257 
149.762 5.70129 
137.697 0.85907 
124.364 1.65557 
149.164 0.977859 
141.066 8.85712 
105.85 1.08246 
131.439 4.01703 
105.692 0.684814 
142.357 0.213623 
117.661 2.34436 
139.471 1.26561 
122.16 2.51556 
128.03 4.61456 
116.005 4.62799 
145.105 2.17792 
131.746 0.852661 
122.636 0.507507 
147.086 3.35571 
127.557 0.639038 
141.522 7.30804 
139.674 1.92158 
116.826 3.48145 
112.825 2.69348 
127.557 0.639038 
136.678 7.38373 
121.191 0.861511 
131.073 2.94001 
116.42 6.25397 
102.525 6.30951 
109.668 2.33917 
128.862 2.27356 
132.813 0.51239 
136.227 2.2699 
131.859 0.161743 
117.661 2.34436 
143.115 9.44143 
121.455 4.13582 
121.191 0.861511 
103.387 1.64856 
119.376 6.88171 
121.339 0.946655 
145.957 5.15619 
112.849 4.31671 
144.905 3.93311 
123.509 3.25836 
114.156 0.0222778 
118.066 1.5155 
139.775 6.77094 
129.198 0.764465 
139.166 3.05359 
109.346 6.14441 
109.668 2.33917 
143.7 9.44061 
148.396 0.577393 
117.58 0.144958 
129.282 3.18934 
105.85 1.08246 
142.418 0.914612 
128.729 3.57411 
131.215 3.46977 
122.636 0.507507 
113.235 2.1018 
144.933 4.78058 
129.506 4.69238 
110.396 0.873413 
148.3 5.9079 
Y0: -2.10938e+038 120.618 Y1: -4.32417e+035 1.51642 Y2: -1.26383e-018 Y3: 2.85066e+006 
135.497 5.44128 
141.522 7.30804 
127.467 5.2005 
117.661 2.34436 
148.764 6.17615 
147.086 3.35571 
122.636 0.507507 
135.056 7.04102 
143.115 9.44143 
132.072 0.272522 
116.173 5.02747 
132.59 6.44257 
114.975 3.51013 
114.13 6.70837 
141.059 6.4727 
132.59 6.44257 
129.055 2.64549 
139.337 6.86462 
138.309 2.82745 
123.167 4.75983 
128.729 3.57411 
146.671 3.508 
145.25 4.29718 
137.526 0.161743 
134.012 5.34821 
118.437 1.0376 
105.089 3.89374 
111.751 5.79825 
115.346 4.30145 
138.309 2.82745 
102.879 3.66577 
148.233 5.19077 
122.677 2.77781 
109.668 2.33917 Y4: 51.9223 
142.56 5.75195 
132.77 0.962524 
105.884 1.45513 Y2: 24.3332 Y3: 146.359 Y4: 5.98328 
149.95 3.47382 
Y0: 3.05359 107.834 2.96906 Y2: 1586.63 Y3: 33.3127 Y4: -1.12597e-025 
141.066 8.85712 
109.497 3.35938 
148.396 0.577393 
134.555 8.04504 
114.023 6.77063 
122.22 3.89069 
132.59 6.44257 
144.557 9.62006 
105.85 1.08246 
128.03 4.61456 
148.317 1.1734 
147.227 4.75952 
148.764 6.17615 
132.284 5.01492 
118.006 0.266566 
149.95 3.47382 
129.42 2.16217 
131.056 0.897827 
121.291 0.428772 
145.973 1.76788 
114.023 6.77063 
142.007 0.187073 
132.59 6.44257 
108.02 1.27808 
122.074 0.562825 
123.352 6.82922 
149.899 0.975037 
122.22 3.89069 
107.843 0.467224 
128.111 2.71301 
143.639 5.39246 
102.031 2.21771 
102.068 6.41327 
105.983 1.62964 
127.467 5.2005 
132.072 0.272522 
138.31 2.52258 
129.839 7.82257 
112.849 4.31671 
130.659 1.20117 
143.381 3.77296 
122.915 7.34142 
124.609 6.08765 
112.849 4.31671 
145.399 4.32922 
128.03 4.61456 
122.677 2.77781 
148.405 6.20636 
142.332 9.41986 
110.396 0.873413 
134.012 5.34821 
138.385 3.86749 
124.165 6.47705 
104.622 3.02765 
126.782 0.0393677 
132.774 6.93237 
143.712 5.47002 
149.95 3.47382 
111.952 2.55127 
120.609 4.67499 
119.18 0.276184 
132.774 6.93237 
143.924 0.607897 
109.262 3.46893 
116.467 6.39313 
139.828 3.49835 
118.066 1.5155 
140.196 2.42096 
109.668 2.33917 
121.175 7.86438 
123.109 6.0611 
145.399 4.32922 
100.089 3.74603 
142.332 9.41986 
101.436 0.870041 
143.924 0.607897 
122.925 3.19427 
145.103 3.95477 
119.835 2.2821 
137.81 1.52771 
132.162 5.15076 Y3: 3.9621 Y4: -0.000340884 
128.729 3.57411 
148.233 5.19077 
148.05 0.988464 
146.671 3.508 
138.385 3.86749 
112.981 1.31195 
145.973 1.76788 
132.59 6.44257 
147.665 4.26971 
142.024 4.58557 
103.543 4.05426 
Y0: 1.6922 121.355 Y1: 1564.51 7.36359 Y2: -2.77122e+038 Y3: -6.79514e+036 
134.012 5.34821 
112.276 3.33901 
100.862 6.07025 
130.679 3.01147 Y3: 0.695801 Y4: 7.93325e-009 
128.923 9.16779 
142.024 4.58557 
136.795 8.18146 
133.707 5.22919 
132.59 6.44257 
137.81 1.52771 
118.513 1.37665 
128.5 0.539856 
112.981 1.31195 
145.026 5.95909 
136.808 9.41666 
119.835 2.2821 
122.719 3.82355 
116.33 6.42939 
137.531 1.14044 
141.255 3.33099 
133.73 6.26404 
144.255 8.54309 
144.557 9.62006 
138.947 2.12585 
143.115 9.44143 
100.061 1.16516 
112.967 6.78192 
122.925 3.19427 
113.235 2.1018 
106.122 2.28638 
147.261 8.48114 
143.7 9.44061 
149.164 0.977859 
142.997 2.27267 
118.05 3.79883 
133.508 6.54968 
134.137 9.38477 
131.859 0.161743 
131.158 7.70691 
121.339 0.946655 
114.685 3.59528 
129.305 1.38062 
149.164 0.977859 
106.283 3.04285 
145.103 3.95477 
139.148 0.568237 
133.815 9.64966 Y3: 1608.86 Y4: 147.66 
147.66 4.05579 
130.325 5.82214 
140.944 9.70032 
133.305 5.5545 
134.325 0.168457 
112.959 6.80267 
146.074 9.52728 
110.231 1.97723 
127.579 3.76099 
127.885 0.37262 
131.215 3.46977 
128.003 4.8407 
122.925 3.19427 
107.117 4.62067 
146.671 3.508 
115.52 4.83734 
140.511 0.354614 
106.966 2.00165 
148.233 5.19077 
136.571 3.30078 
135.052 1.5402 
148.825 3.15002 
144.098 4.03809 
118.729 1.59485 
120.557 6.30035 
136.571 3.30078 
142.332 9.41986 
145.026 5.95909 
109.262 3.46893 
112.825 2.69348 
122.677 2.77781 
131.215 3.46977 
146.359 5.98328 
135.699 5.5011 
132.813 0.51239 
112.305 6.49597 
122.915 7.34142 
122.074 0.562825 
125.007 4.20227 
141.496 1.5741 
111.514 1.8811 
122.636 0.507507 
141.803 1.65314 
142.997 2.27267 
116.467 6.39313 
138.742 9.84802 
113.235 2.1018 
146.034 9.05792 
130.325 5.82214 
139.775 6.77094 
110.231 1.97723 
134.245 6.79626 
117.661 2.34436 
112.291 1.03546 
Y0: 6.63248e-022 112.514 1.49782e-015 
144.76 4.66797 
125.18 4.26514 
132.149 2.3111 
135.538 0.984802 
147.227 4.75952 
105.85 1.08246 
145.399 4.32922 
142.714 1.81824 
127.579 3.76099 
131.439 4.01703 
132.77 0.962524 
117.661 2.34436 
114.186 3.02856 
121.141 0.769043 
123.352 6.82922 
131.439 4.01703 
140.237 4.47219 
145.105 2.17792 
136.606 5.19131 
138.873 1.94672 
109.262 3.46893 
140.511 0.354614 
111.876 3.0335 
131.376 0.98751 
134.817 1.30393 
116.33 6.42939 
129.243 5.16508 
121.359 5.40941 
138.3 5.94525 
105.092 3.8853 
114.834 6.77064 
137.543 1.41083 
112.218 5.36621 
122.498 5.35895 
119.452 0.622376 
127.61 0.82453 
136.58 2.81709 
119.835 2.2821 
146.074 9.52728 
126.891 6.30235 
121.524 6.46484 
147.88 3.0191 
124.592 0.800095 
149.75 0.153503 
137.557 0.774376 
140.341 8.72849 
137.306 4.22118 
111.952 2.55127 
132.125 4.64603 
124.301 2.42893 
122.16 2.51556 
132.554 6.11603 
112.849 4.31671 
109.389 2.0242 
106.106 1.24201 
129.235 9.19533 
136.795 8.18146 
135.251 4.87443 
130.191 1.40717 
149.762 5.70129 
143.368 6.29454 
142.078 5.16479 
128.298 1.45804 
103.694 4.36707 
125.705 1.4119 
116.309 3.19397 
136.808 9.41666 
128.335 1.55016 
140.605 4.97192 
118.513 1.37665 
125.543 4.72004 
135.699 5.5011 
127.413 1.25968 
100.063 5.63568 
133.383 0.444641 
139.125 5.30133 
127.611 3.75785 
142.83 9.3336 
132.463 5.49911 
144.873 0.846863 
132.149 2.3111 
136.795 8.18146 
113.936 3.94592 
138.694 2.57207 
127.199 0.982971 
104.63 3.89374 
127.885 0.37262 
132.501 9.69482 
122.223 2.80465 
127.504 9.87671 
127.114 2.81925 
143.021 0.994034 
111.441 0.301819 
102.068 6.41327 
135.332 5.88684 
113.235 2.1018 
138.598 3.18816 
100.063 5.63568 
137.699 7.89837 
140.732 1.81654 
121.975 4.59066 
111.37 4.28898 
123.629 0.680192 
117.785 5.73224 
116.847 5.70888 
144.119 3.81927 
126.503 5.27679 
125.038 2.61736 
141.064 8.14395 
130.679 3.01147 
132.149 2.3111 
107.443 2.47456 
137.386 4.65822 
102.068 6.41327 
144.776 3.0783 
124.533 1.93383 
118.263 2.27542 
112.967 6.78192 
116.439 2.95085 
140.944 9.70032 
131.215 3.46977 
137.154 0.796702 
111.736 2.65797 
138.99 3.83517 
147.078 4.7243 
143.722 0.606221 
121.457 2.56683 
149.164 0.977859 
139.775 6.77094 
117.107 7.76031 
141.948 6.0265 
121.177 3.29779 
118.315 6.99158 
126.749 2.36725 
143.813 3.77372 
139.148 0.568237 
133.73 6.26404 
107.887 9.02161 
121.098 4.49223 
107.316 4.12025 
118.361 8.14362 
123.013 8.49335 
104.98 1.83944 
119.3 3.8438 
142.357 0.213623 
136.577 6.87127 
145.747 8.07739 
110.348 5.57627 
119.993 4.99707 
122.469 4.42634 
116.232 5.25786 
120.543 1.14352 
143.453 6.44577 
131.253 0.635398 
107.492 3.31841 
128.469 3.19072 
126.086 9.47052 
131.377 6.16102 
127.68 3.77437 
121.123 5.32046 
103.694 4.36707 
123.062 1.1358 
141.358 6.2581 
116.005 4.62799 
115.128 0.507202 
116.563 4.97383 
100.395 6.80939 
132.473 1.95303 
118.582 1.18581 
116.005 4.62799 
118.437 1.0376 
141.542 1.57606 
141.522 7.30804 
105.003 1.85974 
125.176 1.94996 
122.831 2.14227 
136.484 0.586176 
144.415 7.16736 
110.724 0.990589 
122.22 3.89069 
109.346 6.14441 
145.105 2.17792 
133.507 5.51624 
148.285 7.68951 
100.862 6.07025 
102.38 4.83215 
133.707 5.22919 
136.39 3.36248 
135.97 5.23457 
120.65 3.42496 
123.07 3.57101 
110.396 0.873413 
145.852 3.83162 
141.522 7.30804 
131.073 2.94001 
126.754 3.62334 
123.814 3.33593 
108.13 4.18832 
146.748 3.78636 
130.481 9.56085 
144.316 3.04791 
145.25 4.29718 
109.384 5.8641 
117.987 8.16254 
132.676 3.04289 
129.881 5.7449 
122.927 0.527851 
109.361 0.165162 
141.33 1.56996 
137.526 0.161743 
141.522 7.30804 
113.596 2.03896 
114.193 3.85816 
137.405 6.0379 
131.035 4.71963 
141.066 8.85712 
119.591 3.0846 
131.439 4.01703 
141.209 8.37158 
130.714 2.23954 
108.404 1.29641 
133.588 6.53644 
133.004 3.1263 
105.093 2.65686 
149.95 3.47382 
135.251 7.89376 
100.063 5.63568 
109.16 2.97668 
130.329 5.56272 
127.851 2.61283 
127.271 7.35254 
122.22 3.89069 
134.555 8.04504 
114.947 3.5633 
146.056 3.46283 
127.271 7.35254 
130.437 6.49811 
146.496 3.07214 
113.203 3.64777 
125.397 0.973304 
109.668 2.33917 
131.897 6.91433 
110.041 6.00627 
128.961 1.07845 
138.309 2.82745 
119.853 2.2352 
128.111 2.71301 
144.511 8.33788 
131.906 1.49078 
138.281 0.305331 
129.113 1.20281 
121.339 0.946655 
145.957 5.15619 
130.639 7.26845 
133.04 3.25933 
104.662 2.79482 
120.158 1.19338 
129.055 2.64549 
139.775 6.77094 
128.418 0.3796 
144.115 3.68445 
121.73 8.73138 
147.371 3.88259 
113.467 1.75206 
126.555 5.16218 
117.58 0.144958 
100.108 0.200806 
145.226 1.75511 
142.418 0.914612 
143.973 4.04698 
131.735 4.00453 
122.533 5.53436 
113.235 2.1018 
113.936 3.94592 
123.743 4.20201 
123.863 5.93719 
116.309 3.19397 
121.455 4.13582 
136.012 1.97287 
133.603 4.45176 
116.634 4.72069 
111.919 3.73199 
142.115 1.73577 
112.21 2.49848 
135.501 3.38055 
146.706 4.19557 
136.48 8.55706 
128.003 6.24023 
116.309 3.19397 
125.014 5.01446 
125.014 5.01446 
123.612 5.36238 
125.014 5.01446 
125.014 5.01446 
125.018 5.01823 
125.018 5.01823 
125.014 5.01446 
125.022 5.02194 
125.014 5.01446 
125.018 5.01823 
125.018 5.01823 
125.014 5.01446 
125.014 5.01446 
118.437 1.0376 
125.014 5.01446 
125.014 5.01446 
125.018 5.01823 
125.022 5.02194 
125.014 5.01446 
125.026 5.0256 
125.014 5.01446 
125.016 5.01636 
132.554 6.11603 
125.014 5.01446 
125.014 5.01446 
125.024 5.02378 
125.014 5.01446 
125.014 5.01446 
125.018 5.01823 
125.02 5.0201 
125.014 5.01446 
125.026 5.0256 
125.014 5.01446 
125.02 5.0201 
125.014 5.01446 
125.014 5.01446 
125.014 5.01446 
125.02 5.0201 
125.014 5.01446 
125.014 5.01446 
125.014 5.01446 
125.018 5.01823 
125.014 5.01446 
125.014 5.01446 
125.014 5.01446 
125.018 5.01823 
125.014 5.01446 
125.014 5.01446 
125.014 5.01446 
125.018 5.01823 
125.014 5.01446 
125.014 5.01446 
125.014 5.01446 
125.018 5.01823 
125.014 5.01446 
125.014 5.01446 
125.014 5.01446 
125.02 5.0201 
125.014 5.01446 
125.014 5.01446 
125.014 5.01446 
125.016 5.01636 
125.014 5.01446 
125.014 5.01446 
125.014 5.01446 
125.018 5.01823 
125.014 5.01446 
125.014 5.01446 
125.014 5.01446 
125.016 5.01636 
125.014 5.01446 
125.014 5.01446 
125.014 5.01446 
125.018 5.01823 
125.014 5.01446 
125.014 5.01446 
125.014 5.01446 
125.014 5.01446 
125.014 5.01446 
125.014 5.01446 
125.014 5.01446 
125.016 5.01636 
125.014 5.01446 
125.014 5.01446 
125.014 5.01446 
125.018 5.01823 
125.014 5.01446 
125.014 5.01446 
125.014 5.01446 
125.018 5.01823 
125.014 5.01446 
125.014 5.01446 
125.014 5.01446 
125.02 5.0201 
125.014 5.01446 
125.014 5.01446 
125.014 5.01446 
125.016 5.01636 
125.014 5.01446 
125.014 5.01446 
125.014 5.01446 
125.018 5.01823 
125.014 5.01446 
125.014 5.01446 
125.014 5.01446 
125.016 5.01636 
125.014 5.01446 
125.014 5.01446 
125.014 5.01446 
125.02 5.0201 
125.014 5.01446 
125.014 5.01446 
125.014 5.01446 
125.016 5.01636 
125.014 5.01446 
125.014 5.01446 
125.014 5.01446 
125.02 5.0201 
125.014 5.01446 
125.014 5.01446 
125.014 5.01446 
125.022 5.02194 
125.014 5.01446 
125.014 5.01446 
125.014 5.01446 
125.018 5.01823 
125.014 5.01446 
125.014 5.01446 
125.014 5.01446 
125.016 5.01636 
125.014 5.01446 
125.014 5.01446 
125.014 5.01446 
125.02 5.0201 
125.014 5.01446 
125.014 5.01446 
125.014 5.01446 
125.014 5.01446 
125.014 5.01446 
125.014 5.01446 
125.014 5.01446 
125.014 5.01446 
125.014 5.01446 
125.014 5.01446 
125.014 5.01446 
125.014 5.01446 
125.014 5.01446 
125.014 5.01446 
125.014 5.01446 
125.014 5.01446 
125.014 5.01446 
125.014 5.01446 
125.014 5.01446 
125.014 5.01446 
125.014 5.01446 
125.014 5.01446 
125.014 5.01446 
125.014 5.01446 
125.014 5.01446 
125.014 5.01446 
125.014 5.01446 
125.014 5.01446 
125.014 5.01446 
125.014 5.01446 
125.014 5.01446 
125.014 5.01446 
125.014 5.01446 
125.014 5.01446 
125.014 5.01446 
128.207 1.46733 
117.792 3.3852 
122.87 3.19281 
109.79 5.84341 
132.79 6.70483 
132.091 4.35422 
127.579 3.76099 
134.362 1.82953 
132.572 1.93552 
128.003 4.8407 
120.635 5.33264 
131.439 4.01703 
113.333 4.44244 
131.439 4.01703 
140.511 0.354614 
106.966 2.00165 
131.439 4.01703 
131.439 4.01703 
131.439 4.01703 
131.439 4.01703 
138.286 4.38145 
142.624 5.72266 
131.439 4.01703 
149.75 0.153503 
104.622 3.02765 
131.439 4.01703 
131.439 4.01703 
126.259 0.456848 
122.677 2.77781 
131.215 3.46977 
131.439 4.01703 
135.699 5.5011 
132.813 0.51239 
133.707 5.22919 
131.439 4.01703 
122.074 0.562825 
131.439 4.01703 
141.496 1.5741 
131.439 4.01703 
131.439 4.01703 
131.439 4.01703 
134.362 1.82953 
131.439 4.01703 
138.742 9.84802 
131.439 4.01703 
131.439 4.01703 
131.439 4.01703 
131.439 4.01703 
139.07 7.87659 
134.852 3.21177 
131.439 4.01703 
131.439 4.01703 
131.439 4.01703 
131.439 4.01703 
118.152 7.9776 
132.149 2.3111 
131.439 4.01703 
131.439 4.01703 
127.257 2.59038 
131.439 4.01703 
131.439 4.01703 
131.439 4.01703 
131.439 4.01703 
132.77 0.962524 
131.439 4.01703 
117.494 3.7381 
131.439 4.01703 
131.439 4.01703 
