144.922 6.1087 
103.056 8.88977 
129.288 7.50977 
138.76 7.75482 
136.252 5.35157 
128.79 8.79016 
113.582 5.38727 
128.79 8.79016 
125.009 5.00884 
130.599 8.76016 
128.79 8.79016 
125.02 5.0201 
115.262 4.75098 
125.02 5.0201 
100.063 5.63568 
128.942 8.94223 
140.742 Y1: 107.027 6.08582 Y2: -8.27909e-022 Y3: -1.94538e-013 Y4: -2.44019e+030 
143.797 7.26654 
130.47 8.03109 
143.797 7.26654 
115.262 4.75098 
141.522 7.30804 
141.24 4.07745 
123.341 4.97379 
118.857 5.67729 
122.104 5.85907 
128.79 8.79016 
128.942 8.94223 
112.274 4.16377 
126.209 6.20926 
128.79 8.79016 
128.963 4.01489 
144.052 0.302124 
128.79 8.79016 
139.92 4.7879 
125.65 8.57891 
125.013 5.01254 
108.511 4.46777 
123.341 4.97379 
125.013 5.01254 
113.203 3.64777 
125.012 5.01239 
130.623 6.08589 
129.546 7.05492 
105.273 3.90711 
125.86 4.98888 
136.6 4.05579 
136.039 3.46118 
115.869 2.74445 
121.141 0.769043 
101.439 0.374451 
123.549 9.84344 
128.79 8.79016 
128.942 8.94223 
115.262 4.75098 
138.655 0.272522 
128.896 8.8957 
128.942 8.94223 
142.668 7.158 
142.332 9.41986 
125.015 5.01463 
143.797 7.26654 
149.831 0.428772 
121.001 9.25293 
105.843 7.25555 
128.79 8.79016 
128.79 8.79016 
110.953 5.32959 
125.784 5.04553 
137.81 1.52771 
136.531 9.99298 
136.6 4.05579 
142.332 9.41986 
125.512 8.27958 
144.319 7.2526 
146.292 6.60431 
141.522 7.30804 
113.756 8.34665 
141.05 3.82364 
112.598 5.84106 
139.246 5.42696 
128.79 8.79016 
128.79 8.79016 
125.013 5.01254 
135.39 7.53997 
125.02 5.0201 
129.887 3.94072 
140.824 8.41224 
138.707 1.64337 
125.013 5.01254 
127.043 1.74377 
136.673 9.11596 
138.29 6.00281 
139.558 4.79336 
113.798 9.42527 
100.063 5.63568 
130.761 5.63549 
128.455 6.78974 
128.942 8.94223 
101.164 9.03259 
134.93 8.07007 
121.175 7.86438 
121.608 9.31519 
125.02 5.0201 
125.308 5.30757 
129.674 7.3877 
115.262 4.75098 
130.571 4.59233 
128.942 8.94223 
125.017 5.01741 
112.485 8.71857 
139.58 0.649203 
144.319 7.2526 
145.125 6.96122 
124.919 5.73883 
128.942 8.94223 
112.39 0.552368 
107.887 9.02161 
138.76 7.75482 
144.319 7.2526 
128.942 8.94223 
125.013 5.01254 
101.79 1.17279 
109.76 4.95911 
142.024 4.58557 
128.227 4.99785 
128.856 8.85592 
125.009 5.00884 
125.013 5.01254 
127.467 5.2005 
121.617 6.65104 
128.942 8.94223 
136.531 9.99298 
125.022 5.02194 
135.425 0.496216 
125.02 5.0201 
128.79 8.79016 
125.02 5.0201 
129.307 5.51162 
141.05 3.82364 
111.952 2.55127 
105.519 8.90289 
128.79 8.79016 
128.171 5.4428 
Y0: -0.00018826 110.732 Y1: -5.73805e+011 0.0259399 
107.027 5.94788 
125.013 5.01254 
125.02 5.0201 
128.79 8.79016 
125.02 5.0201 
116.198 7.70045 
128.79 8.79016 
128.79 8.79016 
132.868 5.8837 
132.063 3.00171 
128.942 8.94223 
127.642 5.23204 
136.919 5.99016 
125.013 5.01254 
126.534 5.36124 
104.158 6.96594 
125.014 5.01446 
140.016 4.96662 
128.942 8.94223 
121.312 5.9342 
128.79 8.79016 
125.02 5.0201 
144.319 7.2526 
137.082 5.44775 
125.86 4.98888 
140.07 8.29742 
105.821 6.4093 
128.896 8.8957 
129.311 7.99157 
125.024 5.02378 
113.798 9.42527 
141.522 7.30804 
133.158 5.96146 
118.993 5.32815 
135.425 0.496216 
145.226 Y1: 1555.82 6.59424 Y2: 44.8284 Y3: 125.02 Y4: -5.15617e-021 
138.334 5.88087 
121.549 6.47765 
128.963 4.01489 
129.757 8.66732 
113.768 6.51905 
125.068 5.03975 
102.605 2.51282 
124.693 4.52133 
123.422 4.97603 
133.525 6.27181 
135.425 0.496216 
100.063 5.63568 
128.942 8.94223 
141.569 4.17687 
117.901 5.49487 
140.027 2.09917 
128.79 8.79016 
125.009 5.00884 
128.146 5.3135 
115.262 4.75098 
125.114 5.11444 
135.097 3.40036 
141.24 4.07745 
147.429 1.08644 
144.319 7.2526 
135.071 4.96428 
123.192 4.30756 
109.037 4.03035 
128.942 8.94223 
114.764 4.76959 
142.931 4.48517 
137.082 5.44775 
127.378 5.19346 
128.79 8.79016 
128.942 8.94223 
116.631 4.70011 
128.942 8.94223 
112.849 0.0534058 
125.02 5.0201 
107.679 8.78297 
105.519 8.90289 
130.586 3.3401 
123.111 4.65239 
141.765 3.82668 
125.013 5.01254 
138.707 1.64337 
127.394 8.66455 
146.292 6.60431 
139.58 0.649203 
128.146 5.3135 
125.024 5.02378 
115.262 4.75098 
116.246 8.98987 
128.79 8.79016 
125.013 5.01254 
133.208 1.50757 
128.79 8.79016 
128.942 8.94223 
125.022 5.02194 
140.866 8.46762 
126.495 9.24209 
125.02 5.0201 
109.445 4.72015 
118.914 7.55026 
122.701 7.12265 
124.959 4.95915 
112.157 4.29325 
133.289 6.02952 
125.013 5.01254 
130.489 6.39008 
107.794 6.44318 
130.761 5.63549 
128.79 8.79016 
113.991 5.97021 
121.352 2.33917 
124.474 5.02478 
136.531 9.99298 
116.804 4.79351 
145.631 7.8772 
125.02 5.0201 
105.609 9.04633 
128.942 8.94223 
128.942 8.94223 
131.831 8.21402 
122.512 6.23776 
143.127 0.21637 
142.668 7.158 
125.013 5.01254 
128.942 8.94223 
129.311 7.99157 
140.736 3.67186 
128.942 8.94223 
128.942 8.94223 
135.229 5.34773 
100.134 1.87042 
141.522 7.30804 
142.912 2.60679 
142.688 3.70748 
115.262 4.75098 
128.942 8.94223 
115.262 4.75098 
128.79 8.79016 
123.226 7.91242 
128.79 8.79016 
138.786 8.76923 
128.79 8.79016 
128.56 7.03217 
115.262 4.75098 
105.075 8.8532 
121.352 2.33917 
141.147 3.38715 
145.958 7.02423 
122.301 6.77338 
112.218 5.36621 
121.738 7.25006 
120.315 5.311 
128.942 8.94223 
130.234 4.91028 
128.79 8.79016 
128.942 8.94223 
143.819 8.66455 
147.612 9.16992 
125.299 4.94389 
141.522 7.30804 
104.839 4.27917 
104.839 4.27917 
128.988 4.02906 
Y0: -1.36057e+038 123.59 Y1: -9.48162e+022 2.99469 
143.741 8.87665 
105.331 5.5033 
136.039 3.46118 
125.014 5.01446 
105.821 6.4093 
149.725 7.54089 
117.012 9.43939 
123.192 4.30756 
130.228 3.53973 
128.79 8.79016 
138.02 5.34168 Y2: 32.5958 Y3: 125.02 Y4: 5.0201 
141.321 4.90723 
125.02 5.0201 
102.605 2.51282 
125.02 5.0201 
125.012 5.01181 
125.016 5.01582 
123.549 9.84344 
128.942 8.94223 
131.807 1.00545 
125.02 5.0201 
141.348 6.90899 
125.009 5.00884 
138.29 6.00281 
128.79 8.79016 
119.073 0.601196 
125.02 5.0201 
118.931 6.20608 
126.508 7.03563 
133.482 6.5815 
116.631 4.70011 
109.134 7.56255 
144.319 7.2526 
106.319 8.93707 
130.135 8.52497 
126.949 6.99948 
111.371 2.86102 
121.352 2.33917 
128.942 8.94223 
128.821 8.82113 
144.922 6.1087 
128.577 4.82544 
125.013 5.01254 
121.949 4.91065 
128.942 8.94223 
109.824 3.08102 
135.999 4.5578 
128.79 8.79016 
104.839 4.27917 
113.819 4.34812 
125.02 5.0201 
100.063 5.63568 
145.615 0.6755 
111.932 8.17132 
125.02 5.0201 
137.366 4.96887 
125.009 5.00884 
138.362 3.26141 
128.79 8.79016 
133.299 4.06189 
128.56 7.03217 
122.165 0.664673 
116.246 8.98987 
105.821 6.4093 
130.107 6.98384 
113.582 5.38727 
140.462 4.46442 
125.013 5.01254 
128.821 8.82113 
141.05 3.82364 
110.494 3.84315 
144.331 1.06964 
125.02 5.0201 
125.02 5.0201 
128.942 8.94223 
141.629 4.54846 
128.942 8.94223 
139.58 0.649203 
128.629 6.35803 
125.02 5.0201 
128.79 8.79016 
141.522 7.30804 
124.663 3.23486 
100.063 5.63568 
125.02 5.0201 
128.79 8.79016 
133.124 0.0274658 
142.024 4.58557 
112.859 3.35317 
139.92 4.7879 
110.739 3.0069 
145.403 7.81254 Y2: 1566.1 Y3: 29.1953 Y4: 110.754 
138.126 6.53656 
128.942 8.94223 
115.262 4.75098 
120.21 7.66846 
132.349 8.56785 
125.011 5.01079 
128.942 8.94223 
130.107 6.98384 
145.863 4.78058 
148.845 4.63049 
103.094 9.03748 
100.063 5.63568 
128.79 8.79016 
136.252 5.35157 
125.903 5.90341 
111.347 7.77772 
134.318 8.29203 
136.847 7.78448 
141.348 6.90899 
119.847 3.5025 
120.29 7.14577 
140.672 8.4255 
138.362 3.26141 
130.296 7.58514 
138.29 6.00281 
113.856 3.61801 
111.591 6.08406 
129.243 5.08539 
128.171 5.4428 
128.276 5.12386 
142.332 9.41986 
121.662 7.06752 
139.804 7.09165 
131.877 7.69505 
143.848 4.28009 
130.228 3.53973 
107.591 0.469666 
135.512 7.84374 
130.228 3.53973 
134.807 7.8358e-020 
128.79 8.79016 
128.79 8.79016 
134.464 6.11554 
125.024 5.02378 
144.922 6.1087 
128.87 7.36904 
Y0: 6.34843e-031 147.688 2.0722e-010 
125.02 5.0201 
135.341 1.08098 
128.942 8.94223 
132.753 4.37286 
144.319 7.2526 
146.765 2.90619 
112.46 5.70679 
130.489 6.39008 
138.02 4.99603 
113.582 5.38727 
130.55 6.06719 
125.02 5.0201 
128.942 8.94223 
136.457 5.5672 
137.927 5.71611 
143.052 9.35336 
128.768 8.76758 
124.919 5.73883 
115.262 4.75098 
129.231 8.80294 
143.932 3.96057 
131.748 5.51723 
131.593 3.21055 
111.834 3.44427 
125.013 5.01254 
116.309 3.19397 
115.262 4.75098 
131.36 8.18787 
107.064 5.50562 
126.495 9.24209 
130.107 6.98384 
110.411 6.30538 
101.534 1.50757 
128.942 8.94223 
125.014 5.01446 
128.79 8.79016 
121.318 8.01514 
128.942 8.94223 
144.556 8.3364 
125.013 5.01254 
125.009 5.00884 
131.868 3.62552 
147.157 3.83331 
147.833 3.81561 
108.478 0.608215 
125.02 5.0201 
128.79 8.79016 
125.024 5.02378 
132.111 4.42566 
139.648 1.51001 
125.02 5.0201 
131.807 1.00545 
123.549 9.84344 
128.942 8.94223 
124.843 5.41565 
125.02 5.0201 
128.79 8.79016 
131.37 6.3945 
144.197 1.44928 
111.652 9.37317 
128.942 8.94223 
125.02 5.0201 
130.489 6.39008 
111.441 0.301819 
129.82 7.49131 
109.28 0.361061 
122.438 3.10001 
134.839 7.22443 
126.535 5.09624 
117.23 4.80599 
133.297 7.85383 
128.942 8.94223 
127.737 5.41373 
118.914 7.55026 
107.78 2.01779 
113.069 5.86109 
131.595 6.01573 
126.304 8.47808 
134.543 6.41162 
147.231 9.24927 
129.528 7.57242 
107.027 5.94788 
133.129 0.0285536 
126.291 8.01354 
139.22 6.52889 
125.01 5.00978 
143.842 1.37057 
131.701 4.91388 
138.305 6.86205 
112.859 3.35317 
131.807 1.00545 
123.822 5.94917 
101.185 1.34394 
125.011 5.01079 
129.297 8.74001 
131.088 7.6916 
113.803 6.06682 
138.394 3.27035 
128.305 8.71366 
134.807 7.8358e-020 
114.943 8.69904 
145.81 4.03446 
141.519 6.61095 
125.02 5.0201 
127.015 1.79019 
128.79 8.79016 
110.411 6.30538 
125.02 5.0201 
117.946 5.68438 
128.654 8.65414 
113.946 5.50436 
134.673 5.22285 
138.082 0.407496 
127.043 1.74377 
135.362 7.38403 
129.702 6.11033 
120.654 5.66483 
128.733 8.81119 
141.063 4.74469 
128.958 3.83072 
128.942 8.94223 
106.319 8.93707 
128.942 8.94223 
111.371 2.86102 
125.212 5.10939 
118.352 0.585938 
138.651 6.52594 
113.669 1.53058 
111.386 4.55341 
121.312 5.9342 
129.177 8.63326 
121.145 6.47657 
128.799 8.63401 
114.454 4.34644 
144.445 7.01382 
106.541 8.54462 
135.536 7.45172 
138.29 6.00281 
128.883 4.09293 
128.79 8.79031 
118.287 7.12437 
125.013 5.01254 
139.362 6.5632 
104.63 3.89374 
141.626 4.52945 
128.942 8.94223 
106.177 6.53308 
139.962 6.22592 
130.504 7.36334 
144.319 7.2526 
128.79 8.79016 
128.363 2.38373 
105.519 8.90289 
128.402 8.4018 
128.903 8.90347 
116.246 8.98987 
128.942 8.94223 
135.324 6.29424 
125.014 5.01411 
125.258 5.04242 
120.383 8.90414 
143.654 4.90485 
103.387 1.64856 
110.478 7.43396 
141.522 7.30804 
138.809 5.15524 
130.363 8.7113 
125.015 5.01519 
114.564 5.00195 
124.627 5.02347 
128.557 4.89838 
125.02 5.0201 
116.791 5.97374 
132.063 3.00171 
128.79 8.79016 
123.212 4.48254 
128.79 8.79016 
141.147 3.38715 
123.528 4.43785 
145.863 4.78058 
138.353 5.36425 
129.837 5.57736 
128.942 8.94223 
120.13 8.78582 
130.75 3.95345 
125.014 5.01446 
127.639 5.21401 
137.049 5.44877 
130.107 6.98384 
125.013 5.01254 
105.954 8.02201 
112.83 5.8992 
140.803 7.15003 
128.942 8.94223 
117.271 6.5094 
139.789 2.65228 
127.24 5.27143 
133.226 3.56916 
100.063 5.63568 
113.854 8.81736 
136.148 5.62879 
113.991 5.97021 
110.023 8.54539 
117.634 5.60527 
128.79 8.79016 
117.65 5.70755 
125.405 5.40532 
131.387 7.80914 
130.419 5.13802 
126.21 4.52026 
137.869 4.64941 
130.68 5.56182 
143.228 7.02977 
113.792 5.94485 
125.786 5.27544 
128.79 8.79016 
133.654 7.47754 
145.125 6.96122 
126.943 7.62443 
142.535 4.44979 
121.433 7.29627 
129.951 3.85223 
125.019 5.01943 
126.884 4.90426 
124.145 4.7214 
114.275 2.46197 
112.333 5.36456 
125.014 5.01446 
139.789 2.65228 
141.783 8.47292 
131.365 5.58073 
129.716 8.68985 
125.853 5.59744 
137.082 5.44775 
118.282 5.01103 
101.79 1.17279 
132.863 6.42913 
125.178 5.01422 
128.638 7.22725 
136.32 5.28399 
128.942 8.94223 
141.245 6.68165 
128.79 8.79016 
127.263 7.26302 
128.797 3.57869 
128.989 7.16221 
125.02 5.0201 
129.499 6.4555 
141.24 4.07745 
100.063 5.63568 
120.335 4.86145 
129.744 6.59729 
132.833 8.27933 
114.943 8.69904 
126.254 8.64769 
123.752 4.52455 
124.762 5.01297 
101.846 5.52511 
116.573 7.16162 
125.205 5.20469 
123.6 8.08907 
128.668 7.42914 
115.92 6.86268 
128.79 8.79016 
110.277 1.71049 
121.797 4.53903 
108.503 3.36975 
139.228 9.15492 
128.991 3.84953 
125.02 5.0201 
124.266 5.44228 
128.942 8.94223 
138.931 4.32121 
115.262 4.75098 
133.596 6.49118 
129.613 5.62771 
124.879 4.80892 
128.79 8.79016 
141.522 7.30804 
125.02 5.0201 
121.312 5.9342 
116.819 5.22107 
130.552 5.78181 
125.458 3.73029 
125.02 5.0201 
126.105 5.10776 
128.79 8.79016 
133.69 7.36101 
129.862 6.62372 
123.916 8.63907 
125.022 5.02194 
107.362 2.37917 
118.651 5.29388 
110.423 4.54376 
122.384 7.46674 
118.512 4.71016 
128.819 8.81915 
123.484 1.84271 
130.565 3.3464 
140.657 2.84454 
130.623 6.08589 
109.523 9.92249 
133.627 6.36248 
116.246 8.98987 
133.208 1.50757 
125.02 5.0201 
135.676 5.49754 
141.879 7.26471 
106.638 2.46039 
125.02 5.0201 
119.542 5.68909 
105.843 7.25555 
128.942 8.94223 
125.02 5.0201 
145.874 6.28398 
124.258 4.81318 
127.89 6.41294 
126.154 2.10205 
112.712 4.02054 
122.163 4.93611 
132.573 4.27557 
125.114 5.11444 
135.827 7.23908 
123.178 1.7041 
124.223 8.40185 
104.564 2.12562 
130.394 5.41806 
126.172 4.91262 
110.866 6.29984 
130.771 0.0307409 
125.202 5.11104 
116.414 5.10383 
125.306 5.12597 
127.492 7.49182 
125.703 4.84364 
144.086 2.07458 
133.027 7.21568 
102.818 2.27936 
128.79 8.79016 
126.788 5.42708 
134.944 5.37122 
124.623 5.03031 
149.725 7.54089 
128.79 8.79016 
138.059 6.94886 
128.78 4.90165 
118.914 7.55026 
106.674 2.90185 
138.046 7.71275 
147.835 3.33344 
124.717 5.20294 
127.961 7.96097 
140.598 6.49953 
128.842 8.84181 
141.92 0.522596 
128.79 8.79016 
144.319 7.2526 
128.918 8.92288 
127.136 3.71663 
137.082 5.44775 
125.02 5.0201 
141.31 7.37335 
132.364 6.99498 
146.033 7.45148 
129.23 8.98209 
141.256 6.72092 
125.016 5.01586 
123.213 4.31646 
128.79 8.79016 
137.049 5.44877 
131.889 3.59619 
126.029 6.0289 
138.436 2.11834 
117.448 5.59027 
103.997 5.53082 
133.474 5.98683 
126.498 3.5376 
143.089 6.36405 
128.79 8.79016 
137.639 8.61937 
124.301 6.91221 
117.018 8.92883 
122.99 5.68438 
135.819 6.27004 
134.277 2.16583 
122.512 6.23776 
130.506 4.56016 
125.359 5.25508 
112.158 5.78732 
125.92 6.78008 
116.874 6.93637 
128.79 8.79016 
124.779 8.01419 
143.932 3.96057 
115.895 9.33641 
128.942 8.94223 
116.619 7.45938 
128.942 8.94223 
123.111 4.65239 
108.449 8.03223 
128.376 8.48586 
144.231 1.5142 
141.542 5.97077 
131.462 3.38764 
131.789 7.71186 
128.942 8.94223 
137.199 5.66175 
116.246 8.98987 
129.219 0.595398 
123.433 5.29963 
117.796 6.31724 
137.885 8.31787 
127.467 5.2005 
133.479 7.9491 
141.269 5.90892 
133.874 8.06774 
132.997 8.09087 
144.533 5.44591 
142.024 4.58557 
142.568 4.05622 
132.587 5.71517 
130.437 6.49811 
118.19 6.4608 
134.88 6.06374 
135.635 5.6007 
145.76 5.44891 
112.888 4.55953 
141.628 1.45756 
102.742 3.96466 
128.276 5.12386 
145.882 5.35284 
141.522 7.30804 
128.942 8.94223 
125.013 5.01254 
134.6 5.68628 
131.796 7.94403 
136.829 5.66173 
106.986 4.87039 
133.652 5.44667 
149.725 7.54089 
113.768 6.51905 
142.024 4.58557 
138.566 5.69387 
103.366 8.29193 
128.383 5.68876 
119.073 0.601196 
133.659 5.4936 
129.893 7.17445 
126.237 5.08665 
125.02 5.0201 
136.604 5.6552 
125.784 5.04553 
138.447 6.37562 
118.719 7.27719 
112.598 5.84106 
137.907 5.72246 
137.082 5.70079 
109.76 4.95911 
137.659 2.36523 
125.144 8.82891 
143.56 6.10477 
129.152 5.05944 
140.226 1.30962 
125.02 5.0201 
144.788 6.42203 
110.754 7.80182 
140.942 6.77027 
134.112 7.93246 
144.428 5.96152 
131.981 8.40337 
130.571 4.59233 
125.02 5.0201 
133.667 6.57264 
125.021 5.02098 
134.639 3.72101 
130.917 4.90062 
128.424 5.20629 
100.396 5.67383 
141.619 6.65778 
138.585 5.27621 
135.845 7.71814 
140.722 6.8068 
139.042 7.1514 
128.896 8.8957 
128.942 8.94223 
129.775 8.66048 
140.739 6.80407 
123.549 9.84344 
143.17 6.01244 
141.879 7.26471 
110.411 6.30538 
126.423 9.02259 
143.435 6.08096 
113.361 4.66815 
131.325 4.05658 
135.826 7.62071 
100.13 2.67456 
125.013 5.01254 
126.47 7.6875 
135.165 7.8388 
112.116 9.3276 
130.049 8.65195 
125.02 5.0201 
143.42 5.31928 
125.024 5.02378 
125.009 5.00884 
102.074 0.00129085 
143.127 0.21637 
130.181 7.26613 
125.02 5.0201 
137.775 5.74612 
144.764 6.13665 
132.233 5.28055 
139.001 6.75446 
143.96 5.12517 
139.813 6.08583 
137.804 9.40381 
144.462 6.00171 
145.48 6.27514 
137.199 5.66175 
144.922 6.1087 
138.29 6.00281 
144.922 6.1087 
144.922 6.1087 
141.321 4.90723 
135.382 6.15784 
125.013 5.01254 
138.252 6.52405 
144.922 6.1087 
129.674 7.3877 
144.922 6.1087 
144.922 6.1087 
144.922 6.1087 
126.47 7.6875 
125.02 5.0201 
126.881 7.58766 
125.013 5.01254 
144.922 6.1087 
144.922 6.1087 
128.79 8.79016 
144.319 7.2526 
144.922 6.1087 
144.922 6.1087 
144.922 6.1087 
144.922 6.1087 
144.922 6.1087 
137.082 5.44775 
144.922 6.1087 
138.434 5.44891 
139.58 0.649203 
144.922 6.1087 
144.922 6.1087 
144.922 6.1087 
144.922 6.1087 
144.319 7.2526 
125.013 5.01254 
114.943 8.69904 
130.394 5.41806 
144.922 6.1087 
131.868 3.62552 
125.707 4.58956 
131.701 4.91388 
144.922 6.1087 
139.018 3.02625 
144.922 6.1087 
105.843 7.25555 
144.922 6.1087 
139.789 2.65228 
125.02 5.0201 
128.942 8.94223 
144.922 6.1087 
132.491 9.15405 
105.843 7.25555 
145.415 9.12506 
144.922 6.1087 
144.922 6.1087 
149.101 9.65424 
143.842 1.37057 
104.074 3.30963 
144.197 1.44928 
125.02 5.0201 
126.787 4.35179 
125.02 5.0201 
113.004 2.2226 
142.931 4.48517 
128.79 8.79016 
127.137 4.08495 
125.024 5.02378 
113.798 9.42527 
118.282 5.01103 
117.029 5.98681 
125.449 Y1: 10.8253 1.13861 Y3: -1.98062 Y4: -0.180771 
141.537 7.00592 
125.01 5.01032 
144.821 1.93298 
126.498 3.5376 
115.262 4.75098 
126.972 1.59489 
134.85 5.36591 
114.737 0.146179 
125.449 9.44275 
125.009 5.00884 
127.005 7.39998 
125.02 5.0201 
100.396 5.67383 
121.023 7.37766 
128.79 8.79016 
116.309 3.19397 
118.561 7.7948 
126.295 3.27209 
113.748 1.45172 
128.942 8.94223 
128.79 8.79016 
144.197 1.44928 
144.319 7.2526 
125.009 5.00884 
137.236 6.01624 
139.48 6.69284 
135.382 6.15784 
124.853 4.85321 
139.648 1.51001 
123.177 6.98233 
100.602 2.79461 
125.02 5.0201 
128.79 8.79016 
128.017 4.00757 
134.807 7.8358e-020 
115.262 4.75098 
148.845 4.63049 
125.011 5.01104 
128.942 8.94223 
111.371 2.86102 
131.387 7.80914 
110.859 5.75132 Y3: 1805.02 Y4: 1580.3 
126.482 5.10292 
109.021 2.97913 
134.807 7.8358e-020 
122.285 6.67938 
129.979 5.90881 
127.642 5.23204 
109.523 9.92249 
115.576 1.97662 
128.942 8.94223 
146.292 6.60431 
129.181 0.00946045 
131.37 6.3945 
136.531 9.99298 
112.888 4.55953 
121.001 9.25293 
114.943 8.69904 
125.01 5.01028 
126.154 2.10205 
108.746 9.17847 
128.79 8.79016 
140.07 8.29742 
115.262 4.75098 
117.781 6.37049 
131.674 7.61567 
115.016 5.63708 
135.382 6.15784 
128.942 8.94223 
120.29 7.14577 
138.082 0.407496 
125.02 5.0201 
115.262 4.75098 
125.013 5.01254 
125.009 5.00884 
140.657 2.84454 
138.786 8.76923 
137.146 5.52825 
125.02 5.0201 
133.356 5.03448 
111.371 2.86102 
128.56 7.03217 
125.02 5.0201 
125.009 5.00884 
125.02 5.0201 
101.471 4.09938 
135.946 5.93529 
125.02 5.0201 
130.832 5.56646 
134.93 8.07007 
128.445 6.34543 
110.683 8.88123 
116.318 6.52587 
Y0: 1576.44 131.01 Y1: 48.3456 2.29736 Y2: -6.13764e-029 Y3: 1.28949e+026 Y4: 4.73308e-006 
132.587 5.71517 
126.949 6.99948 
128.79 8.79016 
134.807 7.8358e-020 
103.366 8.29193 
115.262 4.75098 
135.999 4.5578 
125.02 5.0201 
125.193 6.58752 
138.786 8.76923 
141.321 4.90723 
126.151 8.59018 
109.997 0.864686 
140.129 4.55998 
134.501 3.84703 
125.02 5.0201 
125.02 5.0201 
137.927 5.71611 
115.262 4.75098 
100.226 3.39478 
128.346 6.50987 
124.919 5.73883 
128.56 7.03217 
140.071 6.75901 
125.009 5.00884 
123.111 4.65239 
112.555 3.31174 
115.911 5.47293 
135.581 7.12112 
125.114 5.11444 
111.652 9.37317 
134.24 4.10897 
125.02 5.0201 
142.63 2.10571 
129.233 3.27855 
109.76 4.95911 
125.06 1.52649 
138.947 2.12585 
125.06 1.52649 
140.996 4.02496 
126.972 1.59489 
115.262 4.75098 
131.796 7.94403 
149.101 9.65424 
125.013 5.01254 
125.02 5.0201 
135.425 0.496216 
135.581 7.12112 
138.124 6.41184 
149.094 8.79486 
144.331 1.06964 
128.942 8.94223 
125.013 5.01254 
141.522 7.30804 
125.02 5.0201 
127.378 5.19346 
111.652 9.37317 
128.79 8.79016 
142.332 9.41986 
125.75 5.10922 
141.444 8.5495 
128.79 8.79016 
128.79 8.79016 
116.246 8.98987 
125.013 5.01254 
149.094 8.79486 
138.786 8.76923 
129.955 9.07715 
128.942 8.94223 
125.02 5.0201 
128.79 8.79016 
115.262 4.75098 
138.76 7.75482 
144.319 7.2526 
128.79 8.79016 
134.839 7.22443 
114.943 8.69904 
129.95 3.79938 
121.312 5.9342 
130.489 6.39008 
115.262 4.75098 
128.942 8.94223 
125.024 5.02378 
128.942 8.94223 
101.164 9.03259 
128.111 5.32659 
Y0: 2.80552e-011 127.719 Y1: 9.01563e+025 0.379639 
141.31 7.37335 
125.009 5.00884 
141.879 7.26471 
143.143 0.473022 
111.652 9.37317 
127.412 8.0599 
125.026 5.0256 
125.013 5.01254 
136.6 4.05579 
143.444 8.04877 
128.79 8.79016 
126.154 2.10205 
140.964 6.63674 
123.549 9.84344 
115.262 4.75098 
138.727 4.68597 
125.954 5.00791 
125.02 5.0201 
140.651 6.82831 
125.009 5.00884 
143.353 2.54621 
128.79 8.79016 
142.495 6.8457 
138.034 5.87353 
142.465 8.93921 
128.79 8.79016 
145.3 6.01929 
140.824 8.41224 
140.866 8.46762 
125.75 5.10922 
125.982 5.98174 
139.804 7.74873 
141.522 7.30804 
141.522 7.30804 
120.909 5.12598 
129.887 3.94072 
144.231 1.5142 
141.522 7.30804 
121.458 5.16449 
137.552 5.67319 
135.63 5.16088 
128.942 8.94223 
115.335 4.75896 
128.79 8.79016 
115.262 4.75098 
111.7 3.19458 
131.396 3.61481 
121.023 7.37766 
125.02 5.0201 
140.07 8.29742 
104.074 3.30963 
140.07 8.29742 
144.319 7.2526 
106.415 4.28801 
128.79 8.79016 
149.725 7.54089 
120.315 5.311 
144.922 6.1087 
115.114 4.10769 
124.403 4.51355 
135.071 4.96428 
127.642 5.23204 
128.79 8.79016 
143.932 3.96057 
137.81 1.52771 
111.06 4.25936 
115.83 5.00242 
120.163 7.06969 
147.215 2.88879 
143.444 8.04877 
144.319 7.2526 
124.72 4.96237 
144.319 7.2526 
122.165 0.664673 
128.942 8.94223 
141.729 4.71658 
133.185 2.31026 
144.197 1.44928 
143.932 3.96057 
125.013 5.01254 
134.839 7.22443 
125.009 5.00884 
107.679 8.78297 
145.001 3.79425 
141.206 3.53234 
147.429 1.08644 
125.009 5.00884 
128.79 8.79016 
132.753 4.37286 
108.493 1.49017 
124.693 4.52133 
125.02 5.0201 
128.79 8.79016 
131.805 6.67741 
110.504 5.2534 
125.009 5.00884 
109.76 4.95911 
141.522 7.30804 
127.137 4.08495 
118.221 5.36838 
125.026 5.0256 
143.127 0.21637 
100.063 5.63568 
140.07 8.29742 
115.262 4.75098 
120.924 5.32645 
128.79 8.79016 
139.018 3.02625 
100.063 5.63568 
113.02 8.69845 
111.834 3.44427 
118.079 2.53766 
128.942 8.94223 
127.394 8.66455 
122.239 5.26197 
141.522 7.30804 
128.899 2.09969 
144.013 7.04397 
115.262 4.75098 
141.522 7.30804 
139.558 4.79336 
127.144 4.71734 
128.942 8.94223 
128.856 8.85592 
128.657 5.43537 
132.083 6.24481 
107.591 0.469666 
128.79 8.79016 
128.79 8.79016 
123.549 9.84344 Y3: 128.942 Y4: 8.94223 
100.744 5.89015 
125.013 5.01254 
105.075 8.8532 
125.02 5.0201 
125.014 5.01446 
148.396 0.577393 
125.011 5.01079 
115.262 4.75098 
112.598 6.87801 
103.056 8.88977 
106.541 8.54462 
136.6 4.05579 
100.134 1.87042 
139.831 8.37924 
115.262 4.75098 
115.262 4.75098 
125.019 5.01498 
125.011 5.01079 
125.009 5.00884 
141.05 3.82364 
125.013 5.01254 
107.22 3.49609 
133.705 3.84721 
121.662 7.06752 
106.415 4.28801 
100.13 2.67456 
125.02 5.0201 
125.013 5.01254 
128.79 8.79016 
125.02 5.0201 
125.02 5.0201 
119.269 1.93146 
144.319 7.2526 
100.063 5.63568 
100.063 5.63568 
124.044 4.95654 
128.56 7.03217 
125.009 5.00884 
136.531 9.99298 
125.586 4.69569 
108.746 9.17847 
126.733 3.37171 
106.632 0.949324 
147.665 4.26971 
112.178 7.08221 
142.783 5.16462 
119.435 5.50171 
115.262 4.75098 
100.063 5.63568 
118.079 2.53766 
110.457 0.899793 
129.951 3.85223 
141.629 4.54846 
139.804 7.74873 
128.227 4.99785 
139.92 4.7879 
119.934 2.41089 
133.253 6.39987 
137.082 5.44775 
149.101 9.65424 
125.009 5.00884 
127.287 8.01857 
125.009 5.00884 
120.647 3.11401 
100.063 5.63568 
125.954 5.00791 
106.632 0.949324 
128.942 8.94223 
110.423 4.54376 
128.79 8.79016 
105.821 6.4093 
128.942 8.94223 
137.082 5.7934 Y2: 40.4439 Y3: 121.86 Y4: 4.92552 
121.86 4.92552 
118.561 7.7948 
113.856 3.61801 
133.299 4.06189 
141.05 3.82364 
141.997 3.75366 
140.327 7.4881 
136.862 6.21312 
131.087 6.11298 
128.455 6.78974 
115.659 3.84448 
120.863 7.61718 
126.295 3.27209 
128.942 8.94223 
115.935 9.46045 
125.022 5.02194 
132.707 1.08215 
125.068 5.03975 
112.888 4.55953 
131.831 8.21402 
127.65 3.08411 
125.02 5.0201 
144.231 1.5142 
106.817 6.50032 
140.824 8.41224 
121.001 9.25293 
116.843 7.25471 
126.38 4.19823 
125.02 5.0201 
138.922 8.64197 
128.79 8.79016 
134.93 8.07007 
124.066 3.59953 
125.013 5.01254 
125.009 5.00884 
128.79 8.79016 
128.79 8.79016 
139.648 1.51001 
120.14 5.30691 
125.02 5.0201 
140.478 1.53969 
133.482 6.5815 Y3: 1618.12 Y4: 125.02 
106.817 6.50032 
128.455 6.78974 
128.474 2.64923 
125.013 5.01254 
105.075 8.8532 
149.094 8.79486 
137.927 5.71611 
143.353 2.54621 
123.226 7.91242 
142.866 6.39136 
145.001 3.79425 
144.319 7.2526 
112.46 5.70679 
125.02 5.0201 
140.146 3.4666 
125.786 5.27544 
144.103 7.22494 
142.465 8.93921 
113.203 3.64777 
130.296 7.58514 
117.729 4.34958 
125.015 5.01514 
125.009 5.00884 
147.612 9.16992 
127.244 5.61266 
125.013 5.01254 
112.598 6.87801 
125.009 5.00884 
114.227 0.23407 
128.79 8.79016 
139.92 4.7879 
128.942 8.94223 
128.79 8.79016 
125.506 4.84029 
121.352 2.33917 
118.245 4.73114 
141.522 7.30804 
106.319 8.93707 
129.05 5.6081 
101.164 9.03259 
125.02 5.0201 
141.76 7.23785 
128.79 8.79016 
145.125 6.96122 
125.02 5.0201 
135.999 4.5578 
100.602 2.79461 
143.052 9.35336 
129.219 0.595398 
109.445 4.72015 
128.276 5.12386 
Y0: 5.86456 129.292 Y1: 1588.78 5.78064 Y2: 25.3842 Y3: -3.91321e-014 Y4: -3.1072e+007 
141.629 4.54846 
128.942 8.94223 
137.082 5.44775 
121.617 6.65104 
115.262 4.75098 
138.809 5.15524 
141.765 3.82668 
124.417 5.08334 
128.942 8.94223 
144.319 7.2526 
112.178 7.08221 
131.285 4.83237 
101.471 4.09938 
135.254 0.923548 
128.79 8.79016 
127.287 8.01857 
125.02 5.0201 
144.556 8.3364 
131.387 7.80914 
116.882 4.3858 
141.522 7.30804 
113.277 7.70333 
130.296 7.58514 
105.519 8.90289 
127.72 7.15792 
115.307 0.40288 
120.028 6.53329 
125.467 5.30658 
128.942 8.94223 
141.202 6.20281 
125.2 5.10218 
127.642 5.23204 
130.177 7.32303 
135.627 9.88244 
131.053 6.32597 
126.186 3.42104 
138.655 0.272522 
128.106 8.10599 
145.863 8.99067 
115.498 4.91647 
146.018 9.00398 
142.699 4.39295 
100.063 5.63568 
134.308 5.99519 
133.694 7.24297 
121.893 9.34828 
128.185 7.02036 
128.08 8.83235 
141.874 6.96854 
137.082 5.44775 
129.979 5.90881 
128.942 8.94223 
122.049 7.07069 
138.973 7.63744 
111.087 8.13601 
128.296 8.0001 
128.79 8.79016 
137.408 5.65191 
126.982 5.20726 
127.232 4.28072 
102.341 1.77643 
142.912 2.60679 
123.809 4.81368 
115.246 5.48531 
112.485 8.71857 
127.754 4.68708 
128.627 4.34999 
110.504 5.2534 
126.327 6.32712 
125.022 5.02194 
128.79 8.79016 
125.013 5.01261 
139.033 4.61971 
135.581 7.12112 
134.424 6.68407 
131.909 4.41818 
141.785 3.82322 
113.237 8.31619 
128.79 8.79016 
134.165 5.2828 
126.381 5.79736 
113.962 3.60948 
115.335 4.75896 
143.277 1.49027 
125.009 5.00884 
141.333 6.72385 
127.387 4.67225 
138.223 7.45476 
126.141 7.35334 
125.02 5.0201 
122.239 5.26197 
132.035 7.99274 
125.219 5.09538 
124.755 4.97589 
116.097 4.25651 
113.119 3.62263 
128.979 5.72968 
127.582 8.42947 
126.008 5.12655 
144.726 5.75305 
143.248 5.98815 
125.026 5.0256 
130.236 8.10106 
129.955 9.07715 
128.938 8.13743 
128.871 8.87061 
115.262 4.75098 
128.79 8.79016 
132.669 5.52171 
132.418 5.48153 
105.273 3.90711 
134.34 4.08692 
132.448 9.53979 
149.725 7.54089 
125.013 5.01254 
132.868 5.8837 
128.79 8.79016 
102.742 3.96466 
128.79 8.79016 
117.949 5.74654 
134.82 8.58339 
128.79 8.79016 
124.474 5.02478 
125.014 5.01446 
140.027 2.09917 
126.295 3.27209 
125.013 5.01254 
128.942 8.94223 
111.932 8.17132 
120.863 6.47472 
145.415 9.12506 
111.335 0.895075 
125.785 5.01299 
142.152 8.68266 
136.573 4.40656 
113.277 7.70333 
137.675 5.91665 
127.137 4.08495 
128.564 5.41288 
131.114 9.33014 
143.127 0.21637 
144.231 1.5142 
131.175 4.18296 
130.479 5.6516 
124.33 4.65328 
136.244 6.22396 
125.325 9.05762 
118.931 6.20608 
115.262 4.75098 
140.07 8.29742 
144.319 7.2526 
134.464 0.317383 
112.499 3.43531 
134.077 5.7407 
126.824 6.82385 
103.676 5.63852 
130.234 4.91028 
113.996 3.52696 
115.743 4.64963 
138.252 6.52405 
143.499 9.05105 
128.408 8.72981 
122.414 4.66115 
133.075 7.35593 
122.239 5.26197 
144.463 2.22349 
128.195 8.19514 
123.243 4.6774 
140.735 3.8626 
125.067 4.99597 
111.371 2.86102 
124.45 5.65068 
121.952 4.9053 
130.232 4.75032 
143.819 8.66455 
126.896 7.94388 
125.141 7.96248 
129.288 7.53077 
125.01 5.01028 
128.79 8.79016 
125.262 8.9542 
111.139 8.80194 
125.011 5.02031 
129.544 6.25298 
114.977 8.22418 
123.42 4.95184 
117.372 4.77051 
123.846 5.18756 
138.786 8.76923 
128.79 8.79016 
124.178 4.67587 
111.312 4.57209 
144.319 7.2526 
134.57 4.22485 
126.215 3.74487 
125.009 5.00884 
125.079 5.07948 
139.58 0.649203 
134.165 3.70154 
125.02 5.0201 
125.254 1.24173 
133.707 5.22919 
111.248 4.06707 
112.71 5.19069 
128.592 7.37517 
129.93 4.23526 
128.79 8.79016 
141.816 6.24778 
144.801 7.98154 
128.058 1.8193 
128.942 8.94223 
122.961 3.55171 
141.522 7.30804 
141.828 8.30743 
127.692 7.69174 
123.934 4.7848 
128.117 8.72958 
100.063 5.63568 
100.172 3.98651 
132.292 6.18947 
125.02 5.0201 
124.583 3.8251 
130.623 6.08589 
128.942 8.94223 
107.519 8.68506 
136.974 6.03675 
141.522 7.30804 
115.955 4.72428 
112.814 5.15057 
128.79 8.79016 
135.976 4.55797 
127.377 4.56909 
123.59 7.32497 
109.997 0.864686 
111.516 3.14794 
122.854 6.60226 
125.409 5.40929 
112.588 3.28078 
125.02 5.0201 
118.45 4.78751 
129.716 8.68985 
140.07 8.29742 
111.7 3.19458 
116.619 7.45938 
125.02 5.0201 
104.839 4.27917 
128.363 2.38373 
137.927 5.71611 
120.349 5.89443 
125.011 5.01079 
128.045 4.95578 
105.843 7.25555 
125.02 5.0201 
128.79 8.79016 
115.852 7.03694 
113.119 3.62263 
128.942 8.94223 
131.391 5.3686 
132.083 6.24481 
128.421 8.4205 
128.938 5.96152 
139.685 7.52046 
119.378 5.52194 
110.953 5.32959 
130.101 5.69324 
127.753 1.56946 
128.797 4.78837 
137.082 5.44775 
139.48 6.69284 
139.246 5.42696 
103.928 1.98364 
125.013 5.01254 
121.952 3.92846 
126.107 4.85894 
125.009 5.00884 
128.942 8.94223 
115.262 4.75098 
100.172 3.98651 
137.082 5.44775 
129.951 3.85223 
123.555 4.88653 
112.293 4.97602 
111.682 3.81659 
126.63 3.85921 
142.024 4.58557 
139.677 4.85474 
125.171 7.57815 
125.013 5.01254 
112.926 4.84186 
130.171 5.95258 
117.826 4.36968 
142.152 6.066 
121.352 2.33917 
129.893 5.88165 
127.944 5.78179 
125.942 4.85483 
129.735 4.30251 
106.876 8.6812 
141.76 7.23785 
106.98 3.37587 
124.914 3.28715 
124.947 5.0254 
125.026 5.0256 
143.724 4.07991 
108.705 1.27196 
128.838 6.42517 
115.262 4.75098 
115.262 4.75098 
134.965 4.31924 
133.596 1.32023 
128.179 5.62772 
124.676 5.57457 
100.063 5.63568 
125.29 5.02871 
111.383 3.90403 
135.661 6.17775 
138.978 6.10976 
110.953 5.32959 
110.727 6.85664 
111.292 7.89306 
140.824 8.41224 
124.485 5.06667 
122.019 6.56347 
138.792 8.70361 
128.613 3.96467 
128.942 8.94223 
140.462 4.46442 
115.262 4.75098 
126.713 3.75772 
121.458 5.16449 
118.018 6.05715 
122.813 4.27549 
126.698 7.26606 
104.146 3.3123 
128.942 8.94223 
103.907 7.6549 
126.072 4.02564 
116.161 3.57637 
125.02 5.0201 
136.822 7.09842 
129.231 8.80294 
127.21 7.85201 
128.245 8.72854 
139.834 3.89403 
128.494 6.67591 
135.229 5.34773 
129.192 8.44116 
146.89 8.44936 
113.936 3.94592 
128.416 3.91139 
125.458 3.73029 
137.239 6.52527 
121.102 6.19569 
126.835 8.70099 
138.76 7.75482 
138.267 5.60904 
123.737 4.03865 
125.013 5.01254 
134.836 3.68727 
136.183 7.32819 
126.805 5.36357 
131.868 3.62552 
141.063 4.74469 
144.727 7.95267 
145.904 9.17386 
142.679 8.41827 
130.761 5.63549 
130.117 8.84663 
128.171 5.4428 
125.449 9.44275 
115.869 2.74445 
128.942 8.94223 
135.382 6.15784 
125.009 5.00884 
141.647 4.12676 
139.653 8.01457 
138.589 9.20702 
125.018 5.01763 
126.295 3.27209 
112.598 5.84106 
142.332 9.41986 
122.104 5.85907 
129.311 7.99157 
128.942 8.94223 
142.024 4.58557 
140.078 8.0882 
128.79 8.79016 
138.324 9.19575 
133.878 6.3426 
147.118 8.81121 
125.123 5.03943 
141.321 4.90723 
146.003 8.61848 
148.236 9.21957 
144.611 9.43093 
119.073 0.601196 
112.598 5.84106 
115.262 4.75098 
125.02 5.0201 
115.262 4.75098 
141.667 8.36396 
139.256 8.67519 
130.832 5.56646 
141.629 4.54846 
123.076 8.51389 
128.87 7.36904 
104.558 8.72606 
121.797 4.53903 
128.404 5.66598 
134.67 3.07901 
123.561 4.73882 
144.276 9.1744 
143.848 4.28009 
142.037 7.74229 
133.25 9.44868 
128.79 8.79016 
148.084 9.61096 
125.306 6.51018 
146.201 8.63215 
146.662 8.00238 
147.108 9.28925 
137.808 9.17379 
133.849 7.63894 
148.747 9.53764 
136.122 8.0393 
142.628 8.40844 
135.425 0.496216 
143.614 2.86843 
145.521 5.22635 
129.135 5.81189 
133.622 5.90654 
139.939 7.45411 
123.568 6.28058 
125.01 5.01032 
139.854 8.89038 
105.519 8.90289 
141.301 5.51976 
140.164 7.79395 
142.873 8.51026 
142.538 7.10153 
126.663 5.14134 
139.664 9.25277 
147.013 8.91819 
143.851 1.38478 
121.141 0.769043 
120.127 5.00231 
134.662 6.87196 
146.821 9.35294 
128.79 8.79016 
139.397 7.78679 
123.319 4.69228 
121.738 7.25006 
107.551 8.89823 
128.79 8.79016 
130.228 3.53973 
128.856 8.85592 
139.55 7.81613 
129.288 7.53077 
140.616 9.13762 
131.448 8.90322 
141.378 8.68132 
141.761 9.34196 
127.043 1.74377 
133.33 8.59256 
131.679 7.4865 
142.847 7.45014 
128.942 8.94223 
145.594 8.97846 
125.02 5.0201 
138.325 8.47671 
144.415 8.84092 
141.027 8.09841 
138.521 8.25631 
115.262 4.75098 
104.839 4.27917 
149.101 9.65424 
142.332 9.41986 
149.101 9.65424 
141.76 7.23785 
125.016 5.01636 
149.101 9.65424 
149.101 9.65424 
128.79 8.79016 
149.101 9.65424 
149.101 9.65424 
141.496 1.5741 
149.101 9.65424 
132.063 3.00171 
149.101 9.65424 
124.272 1.80664 
139.58 0.649203 
149.101 9.65424 
149.101 9.65424 
149.101 9.65424 
133.208 1.50757 
149.101 9.65424 
118.352 0.585938 
125.02 5.0201 
141.496 1.5741 
125.013 5.01254 
116.619 7.45938 
133.482 6.5815 
128.942 8.94223 
149.101 9.65424 
149.101 9.65424 
144.331 1.06964 
122.086 0.801086 
125.022 5.02194 
137.405 6.0379 
121.001 9.25293 
139.651 8.34795 
114.163 4.33228 
137.082 5.44775 
149.101 9.65424 
115.869 2.74445 
149.101 9.65424 
149.101 9.65424 
149.101 9.65424 
149.101 9.65424 
128.79 8.79016 
149.101 9.65424 
149.101 9.65424 
149.101 9.65424 
128.942 8.94223 
125.009 5.00884 
144.079 7.26965 
113.582 5.38727 
142.079 0.885961 
149.101 9.65424 
149.101 9.65424 
