144.103 7.22494 8.58338 1563.48 27.5197 
131.877 7.69505 5.29078 1593.9 26.3858 
124.779 8.01419 7.79635 1573.74 40.6133 
135.071 4.96428 4.62686 1560.98 31.6915 
125.009 5.00884 5.00884 1575.01 35.0088 
133.659 5.4936 6.86907 1579.31 34.6783 
144.052 0.302124 1.18195 1556.6 23.1247 
128.942 8.94223 8.94223 1578.94 38.9422 
128.838 6.42517 3.10272 1579.32 43.9081 
128.942 8.94223 8.94223 1578.94 38.9422 
127.137 4.08495 1.02511 1580.53 32.0261 
128.79 8.79016 8.79016 1578.79 38.7902 
106.319 8.93707 2.58698 1571.4 44.9683 
133.289 6.02952 8.53552 1580.33 42.5055 
128.821 8.82113 8.82113 1578.82 38.8211 
123.549 9.84344 8.86993 1551.11 22.1982 
136.531 9.99298 9.69299 1593.37 45.2054 
125.024 5.02378 5.02378 1575.02 35.0238 
135.097 3.40036 3.40807 1581.48 34.3685 
149.725 7.54089 8.9328 1577.38 46.7526 
128.942 8.94223 8.94223 1578.94 38.9422 
121.352 2.33917 8.17291 1554.89 36.1224 
142.024 4.58557 2.40662 1552.95 31.6574 
115.935 9.46045 3.22113 1587.65 28.4869 
139.48 6.69284 7.7387 1566.33 29.3494 
147.157 3.83331 6.93359 1587.2 35.9677 
140.722 6.8068 9.15096 1583.31 35.4172 
105.843 7.25555 6.28906 1594.7 25.4904 
132.868 5.8837 7.84492 1594.24 41.9956 
118.931 6.20608 2.83655 1575.18 37.0374 
125.786 5.27544 4.99169 1575.26 34.3773 
127.387 4.67225 4.65529 1576.47 34.8892 
115.262 4.75098 1.34949 1575.78 25.6168 
134.82 8.58339 7.46714 1574.17 29.7077 
128.79 8.79016 8.79016 1578.79 38.7902 
105.609 9.04633 8.21198 1572.74 23.2602 
122.239 5.26197 3.79192 1571.94 34.6554 
113.803 6.06682 7.89428 1588.85 38.5911 
125.786 5.27544 4.99169 1575.26 34.3773 
142.332 9.41986 0.386047 1582.94 31.8021 
125.258 5.04242 5.0643 1575 35.0166 
128.942 8.94223 8.94223 1578.94 38.9422 
146.292 6.60431 7.09778 1579.06 22.1533 
140.651 6.82831 7.95887 1565.63 28.8901 
102.742 3.96466 3.22458 1574.71 32.2613 
142.568 4.05622 8.43752 1573.98 40.3319 
128.79 8.79016 8.79016 1578.79 38.7902 
126.107 4.85894 2.90425 1580.26 33.4932 
139.653 8.01457 4.07676 1555.97 28.4307 
128.79 8.79016 8.79016 1578.79 38.7902 
125.009 5.00884 5.00884 1575.01 35.0088 
129.311 7.99157 7.99468 1559.38 30.1574 
135.826 7.62071 9.0029 1581.45 36.8014 
122.854 6.60226 6.38207 1577.34 38.3048 
106.632 0.949324 3.61892 1571.57 33.9383 
125.02 5.0201 5.0201 1575.02 35.0201 
128.79 8.79016 8.79016 1578.79 38.7902 
125.02 5.0201 5.0201 1575.02 35.0201 
125.013 5.01254 5.01254 1575.01 35.0125 
113.854 8.81736 1.92124 1593.7 25.0291 
128.942 8.94223 8.94223 1578.94 38.9422 
102.605 2.51282 8.62 1567.49 37.7631 
127.467 5.2005 3.00446 1586.06 24.6637 
128.942 8.94223 8.94223 1578.94 38.9422 
131.831 8.21402 0.43217 1586.92 29.3702 
137.199 5.66175 4.53771 1574.59 38.7421 
124.403 4.51355 7.6178 1578.94 30.0717 
125.009 5.00884 5.00884 1575.01 35.0088 
144.922 6.1087 9.27795 1584.9 34.23 
140.616 9.13762 4.36107 1562.04 23.0297 
144.331 1.06964 4.80377 1582.45 38.0011 
144.922 6.1087 9.27795 1584.9 34.23 
131.087 6.11298 6.89819 1564.93 34.4571 
135.999 4.5578 5.86456 1588.78 25.3842 
138.267 5.60904 4.77696 1557.69 33.9004 
118.914 7.55026 5.36469 1586.3 43.8131 
102.742 3.96466 3.22458 1574.71 32.2613 
125.02 5.0201 5.0201 1575.02 35.0201 
115.262 4.75098 1.34949 1575.78 25.6168 
124.779 8.01419 7.79635 1573.74 40.6133 
133.124 0.0274658 0.355225 1550.91 38.0588 
125.011 5.01079 5.01079 1575.01 35.0108 
124.914 3.28715 3.6003 1555.83 37.4267 
125.009 5.00884 5.00884 1575.01 35.0088 
112.555 3.31174 1.01474 1560.46 48.247 
133.69 7.36101 6.57018 1569.51 36.2983 
125.02 5.0201 5.0201 1575.02 35.0201 
136.531 9.99298 9.69299 1593.37 45.2054 
113.798 9.42527 7.52897 1569 29.8494 
130.489 6.39008 2.9599 1595.93 28.6124 
147.429 1.08644 4.40373 1556.17 36.0158 
136.847 7.78448 8.37439 1564.79 28.0387 
142.079 0.885961 7.20078 1554.88 25.2976 
123.484 1.84271 2.97103 1577.38 43.546 
128.942 8.94223 8.94223 1578.94 38.9422 
115.955 4.72428 6.3233 1590.42 32.1164 
107.591 0.469666 0.0924683 1567.43 39.3158 
141.444 8.5495 8.49152 1584.68 21.3678 
125.011 5.01079 5.01079 1575.01 35.0108 
111.834 3.44427 4.84061 1581.35 34.7054 
144.922 6.1087 9.27795 1584.9 34.23 
145.631 7.8772 8.55133 1559.68 26.0196 
128.79 8.79016 8.79016 1578.79 38.7902 
115.262 4.75098 1.34949 1575.78 25.6168 
149.101 9.65424 5.14435 1554.4 21.5216 
144.319 7.2526 8.64845 1563.43 27.4517 
129.233 3.27855 4.50405 1554.21 33.6446 
128.296 8.0001 8.01771 1578.01 38.0382 
116.246 8.98987 2.01477 1597.01 23.7518 
125.013 5.01254 5.01254 1575.01 35.0125 
144.103 7.22494 8.58338 1563.48 27.5197 
128.424 5.20629 5.74836 1576.71 34.885 
134.112 7.93246 8.91591 1579.55 37.9918 
125.013 5.01254 5.01254 1575.01 35.0125 
107.794 6.44318 4.54315 1580.21 40.9198 
130.228 3.53973 3.61237 1583.4 49.2804 
124.663 3.23486 2.98279 1578.14 48.3804 
116.791 5.97374 5.31477 1569.42 26.6194 
106.319 8.93707 2.58698 1571.4 44.9683 
125.02 5.0201 5.0201 1575.02 35.0201 
137.082 5.70079 6.46028 1585.42 29.9334 
129.05 5.6081 4.92632 1579.88 36.6587 
141.537 7.00592 0.168762 1590.09 26.3675 
125.019 5.01943 5.01943 1575.02 35.0194 
125.013 5.01254 5.01254 1575.01 35.0125 
144.052 0.302124 1.18195 1556.6 23.1247 
104.63 3.89374 3.17169 1596.61 44.9692 
130.296 7.58514 4.01062 1567.49 45.2786 
128.79 8.79016 8.79016 1578.79 38.7902 
115.262 4.75098 1.34949 1575.78 25.6168 
144.922 6.1087 9.27796 1584.9 34.23 
127.244 5.61266 3.81321 1584.01 37.8374 
134.464 0.317383 6.83899 1577.06 42.6668 
128.942 8.94223 8.94223 1578.94 38.9422 
131.37 6.3945 2.40704 1572.84 33.3853 
125.02 5.0201 5.0201 1575.02 35.0201 
141.522 7.30804 2.27234 1580 20.9631 
125.009 5.00884 5.00884 1575.01 35.0088 
118.931 6.20608 2.83655 1575.18 37.0374 
142.079 0.885961 7.20078 1554.88 25.2976 
144.922 6.1087 9.27795 1584.9 34.23 
126.381 5.79736 7.53702 1584.36 33.4105 
133.158 5.96146 6.55003 1570.13 31.8288 
125.026 5.0256 5.0256 1575.03 35.0256 
125.009 5.00884 5.00884 1575.01 35.0088 
142.332 9.41986 0.386047 1582.94 31.8021 
126.949 6.99948 5.25894 1574.93 33.3131 
140.462 4.46442 9.12964 1558.96 34.4571 
117.826 4.36968 4.1092 1578.82 31.8722 
125.02 5.0201 5.0201 1575.02 35.0201 
105.821 6.4093 7.33673 1587.36 33.7906 
112.598 6.87801 8.1601 1551.86 44.9307 
138.082 0.407496 2.11003 1568.03 30.4896 
140.735 3.8626 5.09141 1575.17 30.2638 
130.107 6.98384 6.23552 1587.4 41.2357 
144.319 7.2526 8.64845 1563.43 27.4517 
136.531 9.99298 9.69299 1593.37 45.2054 
115.955 4.72428 6.3233 1590.42 32.1164 
115.576 1.97662 5.64667 1573.45 49.8526 
137.907 5.72246 7.77498 1581.41 34.5058 
128.79 8.79016 8.79016 1578.79 38.7902 
131.175 4.18296 4.35794 1563.98 38.4706 
125.171 7.57815 6.17955 1573.77 42.9648 
143.654 4.90485 1.39484 1569.53 42.2511 
141.256 6.72092 8.01469 1590.59 45.6712 
124.272 1.80664 4.04205 1583.82 47.5766 
146.033 7.45148 8.97125 1562.4 26.7804 
126.215 3.74487 6.42192 1581.65 36.4382 
128.942 8.94223 8.94223 1578.94 38.9422 
125.009 5.00884 5.00884 1575.01 35.0088 
139.58 0.649203 4.47262 1572.29 45.5109 
147.157 3.83331 6.93359 1587.2 35.9677 
138.046 7.71275 4.0521 1579.67 25.831 
127.737 5.41373 4.82661 1583.35 44.6426 
105.519 8.90289 9.39514 1566.28 48.9279 
139.558 4.79336 4.86304 1596.57 43.0023 
128.79 8.79016 8.79016 1578.79 38.7902 
144.922 6.1087 9.27795 1584.9 34.23 
135.827 7.23908 3.31622 1574.51 24.2 
125.02 5.0201 5.0201 1575.02 35.0201 
104.839 4.27917 1.78345 1576.35 40.6076 
138.521 8.25631 5.68437 1566.82 23.935 
143.56 6.10477 8.89051 1583.42 33.5052 
141.522 7.30804 2.27234 1580 20.9631 
139.831 8.37924 4.16964 1561.56 38.3696 
143.654 4.90485 1.39484 1569.53 42.2511 
128.79 8.79016 8.79016 1578.79 38.7902 
128.79 8.79016 8.79016 1578.79 38.7902 
116.414 5.10383 1.98871 1576.05 26.7386 
128.79 8.79016 8.79016 1578.79 38.7902 
108.449 8.03223 4.00513 1597.3 28.5638 
125.013 5.01254 5.01254 1575.01 35.0125 
144.319 7.2526 8.64845 1563.43 27.4517 
138.267 5.60904 4.77696 1557.69 33.9004 
125.02 5.0201 5.0201 1575.02 35.0201 
141.522 7.30804 2.27234 1580 20.9631 
128.79 8.79016 8.79016 1578.79 38.7902 
134.839 7.22443 4.56024 1568.79 22.959 
109.523 9.92249 3.70697 1576.49 41.9305 
125.015 5.01463 5.01463 1575.01 35.0146 
125.024 5.02378 5.02378 1575.02 35.0238 
142.568 4.05622 8.43752 1573.98 40.3319 
127.043 1.74377 1.6391 1575.65 21.4832 
103.366 8.29193 5.54382 1555.18 35.2866 
104.839 4.27917 1.78345 1576.35 40.6076 
124.919 5.73883 8.56049 1582.17 32.0291 
112.598 5.84106 3.06641 1598.3 21.6544 
115.262 4.75098 1.34949 1575.78 25.6168 
142.931 4.48517 9.82941 1583 41.2622 
112.46 5.70679 3.46893 1577 39.9466 
147.215 2.88879 6.55334 1555.26 30.7922 
121.001 9.25293 2.49878 1586.35 35.8057 
138.947 2.12585 4.75494 1562.43 49.5166 
134.077 5.7407 4.03735 1576.42 30.2008 
147.231 9.24927 8.61298 1578.51 48.1909 
138.922 8.64197 8.50525 1564.65 45.9305 
141.496 1.5741 5.12909 1551.29 34.0753 
141.31 7.37335 6.46881 1563.11 21.9455 
138.034 5.87353 5.86518 1565.23 27.0164 
125.02 5.0201 5.0201 1575.02 35.0201 
143.842 1.37057 8.69238 1588.56 41.7393 
130.234 4.91028 1.65619 1586.23 21.4685 
111.371 2.86102 4.46503 1570.81 28.1793 
139.58 0.649203 4.47262 1572.29 45.5109 
124.485 5.06667 4.78362 1574.43 34.9499 
125.013 5.01254 5.01254 1575.01 35.0125 
138.362 3.26141 2.547 1574.25 42.5558 
123.433 5.29963 4.94466 1575.27 34.8999 
125.02 5.0201 5.0201 1575.02 35.0201 
126.733 3.37171 7.16498 1579.23 36.7999 
121.458 5.16449 4.45892 1587.75 20.6335 
129.231 8.80294 8.46015 1578.5 38.5442 
128.989 7.16221 5.93924 1585.59 35.7947 
121.001 9.25293 2.49878 1586.35 35.8057 
123.549 9.84344 8.86993 1551.11 22.1982 
142.679 8.41827 4.74082 1562.77 25.1078 
125.01 5.01028 5.01028 1575.01 35.0103 
129.744 6.59729 4.95629 1585.54 44.648 
128.79 8.79016 8.79016 1578.79 44.3205 
140.478 1.53969 3.87875 1583.61 34.5343 
133.253 6.39987 2.0512 1569.78 29.2342 
130.586 3.3401 4.80359 1573.97 39.0287 
126.254 8.64769 8.75553 1579.92 38.3432 
126.824 6.82385 6.82385 1576.82 36.8239 
126.972 1.59489 8.79524 1578.89 33.1279 
100.063 5.63568 1.93298 1590.44 37.5497 
140.824 8.41224 2.5845 1586.76 30.1851 
115.869 2.74445 0.626831 1562.81 46.7371 
128.942 8.94223 8.94223 1578.94 38.9422 
140.07 8.29742 8.14972 1571.17 22.438 
111.952 2.55127 4.06799 1589.75 28.1738 
140.824 8.41224 2.5845 1586.76 30.1851 
132.753 4.37286 0.0790405 1586.75 24.9338 
138.29 6.00281 0.774536 1560.87 21.3229 
135.581 7.12112 3.26125 1593.09 40.6498 
125.013 5.01254 5.01254 1575.01 35.0125 
109.134 7.56255 3.41857 1573.64 23.5089 
137.082 5.44775 5.51732 1581.09 40.4439 
125.458 3.73029 4.22612 1577.04 34.9835 
128.942 8.94223 8.94223 1578.94 38.9422 
143.499 9.05105 2.57743 1574.12 31.1651 
144.922 6.1087 9.27795 1584.9 34.23 
143.277 1.49027 7.54321 1553.76 24.5469 
122.049 7.07069 5.95965 1560.91 32.1695 
125.022 5.02194 5.02194 1575.02 35.0219 
144.922 6.1087 9.27795 1584.9 34.23 
125.02 5.0201 5.0201 1575.02 35.0201 
129.243 5.08539 2.30223 1594.27 31.9734 
125.212 5.10939 5.0103 1574.37 35.4145 
145.874 6.28398 7.11646 1577.89 23.7724 
125.02 5.0201 5.0201 1575.02 35.0201 
130.489 6.39008 2.9599 1595.93 28.6124 
125.02 5.0201 5.0201 1575.02 35.0201 
127.378 5.19346 4.83051 1575.42 32.2822 
125.013 5.01254 5.01254 1575.01 35.0125 
133.878 6.3426 5.27687 1557.24 38.5646 
127.394 8.66455 6.88782 1570.63 37.8271 
149.101 9.65424 5.14435 1554.4 21.5216 
102.605 2.51282 8.62 1567.49 37.7631 
129.955 9.07715 2.55981 1590.6 37.1368 
114.943 8.69904 7.36877 1555.51 32.7478 
125.022 5.02194 5.02194 1575.02 35.0219 
138.29 6.00281 0.774536 1560.87 21.3229 
144.727 7.95267 5.38481 1565.88 22.8112 
133.129 0.0285536 0.361027 1550.94 38.0452 
125.02 5.0201 5.0201 1575.02 35.0201 
133.299 4.06189 1.1203 1592.08 41.9662 
143.089 6.36405 8.80179 1562 29.6842 
128.942 8.94223 8.94223 1578.94 38.9422 
124.947 5.0254 5.02895 1575.07 35.0154 
144.922 6.1087 9.27795 1584.9 34.23 
122.165 0.664673 4.80499 1560.57 23.8498 
130.049 8.65195 8.88725 1579.3 38.5125 
125.013 5.01254 5.01254 1575.01 35.0125 
134.464 0.317383 6.83899 1577.06 42.6668 
127.639 5.21401 2.1761 1571.45 34.7 
137.927 5.71611 5.06783 1555.4 32.8337 
138.931 4.32121 0.307936 1583.67 27.1738 
129.288 7.53077 5.86877 1578.98 31.3236 
111.591 6.08406 4.26993 1566.84 38.5866 
115.262 4.75098 1.34949 1575.78 25.6168 
127.412 8.0599 7.33531 1577.04 36.1793 
141.496 1.5741 5.12909 1551.29 34.0753 
128.963 4.01489 7.10999 1596 49.4296 
130.394 5.41806 3.30078 1569.29 29.4732 
126.896 7.94388 6.67547 1569.76 29.945 
126.47 7.6875 3.65505 1586.18 43.2587 
125.013 5.01254 5.01254 1575.01 35.0125 
143.842 1.37057 8.69238 1588.56 41.7393 
106.674 2.90185 2.41811 1558.68 24.6548 
104.839 4.27917 1.78345 1576.35 40.6076 
138.02 4.99603 5.11475 1558.78 32.5958 
106.638 2.46039 2.25322 1565.07 22.9448 
125.013 5.01254 5.01254 1575.01 35.0125 
124.919 5.73883 8.56049 1582.17 32.0291 
100.063 5.63568 1.93298 1590.44 37.5497 
140.07 8.29742 8.14972 1571.17 22.438 
149.725 7.54089 8.9328 1577.38 46.7526 
125.009 5.00884 5.00884 1575.01 35.0088 
125.02 5.0201 5.0201 1575.02 35.0201 
143.797 7.26654 9.55872 1596.28 36.1801 
129.307 5.51162 4.64376 1567.89 35.6926 
142.931 4.48517 9.82941 1583 41.2622 
145.521 5.22635 2.56825 1563.38 29.005 
122.239 5.26197 3.79192 1571.94 34.6554 
128.79 8.79016 8.79016 1578.79 38.7902 
128.592 7.37517 7.45304 1570.87 41.1238 
125.026 5.0256 5.0256 1575.03 35.0256 
128.942 8.94223 8.94223 1578.94 38.9422 
137.082 5.44775 5.51732 1581.09 40.4439 
100.063 5.63568 1.93298 1590.44 37.5497 
140.824 8.41224 2.5845 1586.76 30.1851 
138.252 6.52405 4.25018 1585.15 46.4441 
112.157 4.29325 5.75313 1574.81 36.5239 
144.922 6.1087 9.27795 1584.9 34.23 
144.922 6.1087 9.27795 1584.9 34.23 
105.519 8.90289 9.39514 1566.28 48.9279 
125.308 5.30757 5.30757 1575.31 35.3076 
129.613 5.62771 5.07433 1577.3 34.3426 
139.001 6.75446 4.71558 1587.84 20.5521 
128.79 8.79016 8.79016 1578.79 38.7902 
113.669 1.53058 2.62779 1559.38 38.7491 
125.02 5.0201 5.0201 1575.02 35.0201 
110.859 5.75132 3.44262 1553.62 28.9255 
106.415 4.28801 7.74399 1580.98 46.0051 
131.909 4.41818 4.51545 1566.94 34.19 
125.75 5.10922 5.16163 1574.59 34.7412 
145.863 4.78058 0.83374 1568.74 43.0411 
123.111 4.65239 3.51131 1588.28 36.0345 
128.117 8.72958 7.87268 1574.85 38.3257 
128.856 8.85592 8.85592 1578.86 38.8559 
138.786 8.76923 5.0708 1580.69 32.2086 
128.455 6.78974 9.35572 1587.58 35.4043 
140.736 3.67186 8.66068 1559.95 32.7221 
138.124 6.41184 5.83953 1581.87 34.3156 
106.415 4.28801 7.74399 1580.98 46.0051 
115.895 9.33641 7.70543 1570.37 31.1004 
115.576 1.97662 5.64667 1573.45 49.8526 
128.942 8.94223 8.94223 1578.94 38.9422 
118.287 7.12437 1.95538 1581.35 30.9883 
115.92 6.86268 1.89508 1595.75 27.6675 
119.073 0.601196 0.256042 1582.28 25.1892 
134.165 5.2828 5.81588 1571.33 26.8888 
128.942 8.94223 8.94223 1578.94 38.9422 
124.853 4.85321 4.85321 1574.85 34.8532 
125.02 5.0201 5.0201 1575.02 35.0201 
129.192 8.44116 2.65503 1567.76 39.2993 
113.582 5.38727 4.43115 1596.54 32.334 
138.324 9.19575 7.07885 1567.34 30.6844 
113.856 3.61801 6.72939 1568.43 34.4821 
125.02 5.0201 5.0201 1575.02 35.0201 
134.944 5.37122 5.42846 1580.01 39.4822 
125.013 5.01254 5.01254 1575.01 35.0125 
128.942 8.94223 8.94223 1578.94 38.9422 
139.58 0.649203 4.47262 1572.29 45.5109 
134.88 6.06374 7.93798 1586.84 33.029 
146.662 8.00238 7.07644 1568.4 35.5933 
135.254 0.923548 2.9321 1566.92 24.5331 
125.02 5.0201 5.0201 1575.02 35.0201 
131.391 5.3686 6.3832 1578.18 34.7672 
141.522 7.30804 2.27234 1580 20.9631 
136.573 4.40656 5.25397 1587.68 24.9802 
128.899 2.09969 3.97915 1570.24 41.1495 
135.382 6.15784 1.23352 1597.85 41.9186 
128.296 8.0001 8.01771 1578.01 38.0382 
129.744 6.59729 4.95629 1585.54 44.648 
145.863 4.78058 0.83374 1568.74 43.0411 
144.922 6.1087 9.27795 1584.9 34.23 
131.387 7.80914 2.32819 1558.48 47.0273 
143.932 3.96057 6.84906 1560.93 24.4138 
118.914 7.55026 5.36469 1586.3 43.8131 
125.02 5.0201 5.0201 1575.02 35.0201 
144.331 1.06964 4.80377 1582.45 38.0011 
135.425 0.496216 2.85553 1563.01 32.2287 
125.009 5.00884 5.00884 1575.01 35.0088 
136.822 7.09842 6.37409 1566.6 25.7725 
138.02 4.99603 5.11475 1558.78 32.5958 
136.457 5.5672 8.35682 1572.48 34.5913 
114.737 0.146179 7.72156 1599.87 37.3859 
144.922 6.1087 9.27796 1584.9 34.23 
146.033 7.45148 8.97125 1562.4 26.7804 
124.623 5.03031 4.96766 1575.34 34.9653 
105.843 7.25555 6.28906 1594.7 25.4904 
134.24 4.10897 1.58414 1553.72 23.4176 
128.445 6.34543 2.21736 1569.95 35.0924 
126.029 6.0289 6.0289 1576.03 36.0289 
139.228 9.15492 3.02639 1580.63 33.2306 
112.598 5.84106 3.06641 1598.3 21.6544 
124.843 5.41565 9.24652 1572.01 42.5146 
142.538 7.10153 5.50509 1571.62 23.4563 
141.629 4.54846 1.89578 1580.39 44.467 
118.221 5.36838 3.84218 1566.83 45.2919 
127.961 7.96097 7.96097 1577.96 37.961 
125.707 4.58956 4.39824 1572.73 37.1585 
125.123 5.03943 3.63767 1585.66 34.9116 
130.489 6.39008 2.9599 1595.93 28.6124 
113.768 6.51905 0.730591 1598.53 25.8044 
140.824 8.41224 2.5845 1586.76 30.1851 
136.573 4.40656 5.25397 1587.68 24.9802 
125.02 5.0201 5.0201 1575.02 35.0201 
149.101 9.65424 5.14435 1554.4 21.5216 
134.965 4.31924 4.91283 1575.06 32.4142 
128.942 8.94223 8.94223 1578.94 38.9422 
116.246 8.98987 2.01477 1597.01 23.7518 
141.761 9.34196 6.46197 1563.21 27.7626 
128.56 7.03217 9.5752 1588.63 35.2216 
149.101 9.65424 5.14435 1554.4 21.5216 
106.817 6.50032 4.13838 1582.94 25.9681 
110.457 0.899793 3.19139 1573.61 38.8735 
116.097 4.25651 1.76762 1573.94 25.4029 
129.887 3.94072 5.22348 1577.49 29.6377 
125.014 5.01446 5.01446 1575.01 35.0145 
128.79 8.79016 8.79016 1578.79 38.7902 
126.943 7.62443 6.33209 1570.23 44.7492 
137.199 5.66175 4.53771 1574.59 38.7421 
128.79 8.79016 8.79016 1578.79 38.7902 
102.074 0.00129085 0.0939941 1584.95 35.9402 
144.611 9.43093 2.21145 1574.45 29.8536 
140.327 7.4881 4.15924 1578.06 29.0115 
138.792 8.70361 2.10632 1572.83 20.1126 
104.146 3.3123 3.19832 1563.92 41.2504 
142.024 4.58557 2.40662 1552.95 31.6574 
139.042 7.1514 9.15441 1582.7 35.9641 
125.02 5.0201 5.0201 1575.02 35.0201 
125.009 5.00884 5.00884 1575.01 35.0088 
134.93 8.07007 3.25134 1586.05 42.2958 
122.165 0.664673 4.80499 1560.57 23.8498 
133.158 5.96146 6.55003 1570.13 31.8288 
132.111 4.42566 9.47784 1599.01 48.1213 
126.498 3.5376 7.62573 1578.74 34.5248 
129.979 5.90881 3.78601 1587.48 46.3232 
128.79 8.79016 8.79016 1578.79 38.7902 
125.02 5.0201 5.0201 1575.02 35.0201 
129.544 6.25298 7.52316 1579.89 35.3936 
128.79 8.79016 8.79016 1578.79 38.7902 
130.363 8.7113 8.82959 1577.49 37.5454 
139.58 0.649203 4.47262 1572.29 45.5109 
128.942 8.94223 8.94223 1578.94 38.9422 
128.821 8.82113 8.82113 1578.82 38.8211 
113.277 7.70333 7.80651 1585.76 33.6421 
134.112 7.93246 8.91591 1579.55 37.9918 
126.154 2.10205 9.26331 1558.18 39.1959 
140.071 6.75901 7.84779 1565.97 29.1142 
143.851 1.38478 8.6863 1588.5 41.7046 
144.013 7.04397 8.15069 1564.42 27.943 
145.882 5.35284 7.31225 1584.68 38.3159 
149.101 9.65424 5.14435 1554.4 21.5216 
125.954 5.00791 5.01654 1573.83 34.8335 
127.21 7.85201 8.09181 1572.69 41.6352 
142.332 9.41986 0.386047 1582.94 31.8021 
125.86 4.98888 4.85364 1575.29 35.4946 
143.848 4.28009 0.490112 1581.23 28.9566 
128.79 8.79016 8.79016 1578.79 38.7902 
139.48 6.69284 7.7387 1566.33 29.3494 
125.013 5.01254 5.01254 1575.01 35.0125 
111.591 6.08406 4.26993 1566.84 38.5866 
113.582 5.38727 4.43115 1596.54 32.334 
128.79 8.79016 8.79016 1578.79 38.7902 
128.79 8.79016 8.79016 1578.79 38.7902 
125.009 5.00884 5.00884 1575.01 35.0088 
130.599 8.76016 8.91057 1577.27 37.7041 
114.943 8.69904 7.36877 1555.51 32.7478 
125.016 5.01636 5.01636 1575.02 35.0164 
106.632 0.949324 3.61892 1571.57 33.9383 
100.172 3.98651 1.40106 1559.05 38.6905 
114.737 0.146179 7.72156 1599.87 37.3859 
139.042 7.1514 9.15441 1582.7 35.9641 
125.02 5.0201 5.0201 1575.02 35.0201 
132.364 6.99498 3.63365 1564.71 41.3589 
137.808 9.17379 7.17152 1567.96 31.1234 
131.981 8.40337 9.00608 1580.07 38.0461 
128.942 8.94223 8.94223 1578.94 38.9422 
123.846 5.18756 4.19407 1587.06 36.3909 
135.946 5.93529 5.99515 1580.79 40.2344 
128.942 8.94223 8.94223 1578.94 38.9422 
137.408 5.65191 6.93056 1582.89 29.0097 
135.425 0.496216 2.85553 1563.01 32.2287 
116.882 4.3858 1.85232 1577.1 39.3278 
144.319 7.2526 8.64845 1563.43 27.4517 
128.942 8.94223 8.94223 1578.94 38.9422 
125.013 5.01254 5.01254 1575.01 35.0125 
125.026 5.0256 5.0256 1575.03 35.0256 
100.396 5.67383 2.01386 1590.3 37.5658 
127.005 7.39998 8.75844 1580.5 35.614 
140.824 8.41224 2.5845 1586.76 30.1851 
144.231 1.5142 7.61933 1572.8 25.3893 
106.638 2.46039 2.25322 1565.07 22.9448 
136.604 5.6552 7.49969 1580.77 34.5618 
129.288 7.53077 5.86877 1578.98 31.3236 
105.075 8.8532 6.8674 1562.96 42.8722 
141.333 6.72385 2.56189 1560.32 40.61 
142.668 7.158 8.54275 1564.86 28.194 
125.325 9.05762 8.60463 1576.57 36.7702 
137.408 5.65191 6.93056 1582.89 29.0097 
115.852 7.03694 4.13634 1589.84 29.9615 
135.581 7.12112 3.26125 1593.09 40.6498 
128.79 8.79016 8.79016 1578.79 38.7902 
135.999 4.5578 5.86456 1588.78 25.3842 
111.139 8.80194 6.87295 1565.04 41.5014 
125.009 5.00884 5.00884 1575.01 35.0088 
131.748 5.51723 2.60076 1581.85 33.8973 
111.652 9.37317 8.59497 1598.2 38.2639 
125.02 5.0201 5.0201 1575.02 35.0201 
116.246 8.98987 2.01477 1597.01 23.7518 
146.201 8.63215 5.12449 1554.66 24.4575 
115.262 4.75098 1.34949 1575.78 25.6168 
128.56 7.03217 9.5752 1588.63 35.2216 
139.92 4.7879 4.85931 1597.1 43.2013 
125.02 5.0201 5.0201 1575.02 35.0201 
125.009 5.00884 5.00884 1575.01 35.0088 
141.333 6.72385 2.56189 1560.32 40.61 
128.79 8.79016 8.79016 1578.79 38.7902 
142.465 8.93921 4.45557 1561.11 39.0421 
128.79 8.79016 8.79016 1578.79 38.7902 
142.332 9.41986 0.386047 1582.94 31.8021 
133.69 7.36101 6.57018 1569.51 36.2983 
141.879 7.26471 4.84924 1560.27 42.3114 
105.075 8.8532 6.8674 1562.96 42.8722 
128.918 8.92288 8.90536 1578.83 38.9214 
128.627 4.34999 3.73333 1587.55 31.9796 
129.307 5.51162 4.64376 1567.89 35.6926 
144.556 8.3364 5.85095 1556.85 27.4235 
112.485 8.71857 1.86768 1591.8 25.7605 
129.674 7.3877 2.94373 1583.99 43.5831 
128.79 8.79016 8.79016 1578.79 38.7902 
131.01 2.29736 4.53003 1588.67 47.0978 
125.016 5.01586 5.01586 1575.02 35.0159 
111.292 7.89306 3.23223 1572.36 42.3198 
130.489 6.39008 2.9599 1595.93 28.6124 
128.942 8.94223 8.94223 1578.94 38.9422 
139.854 8.89038 7.1228 1568.14 28.9447 
129.887 3.94072 5.22348 1577.49 29.6377 
113.277 7.70333 7.80651 1585.76 33.6421 
144.319 7.2526 8.64845 1563.43 27.4517 
126.949 6.99948 5.25894 1574.93 33.3131 
129.288 7.53077 5.86877 1578.98 31.3236 
133.705 3.84721 3.99627 1554.69 43.3918 
128.79 8.79016 8.79016 1578.79 38.7902 
143.42 5.31928 5.71659 1568.34 32.8967 
125.02 5.0201 5.0201 1575.02 35.0201 
144.319 7.2526 8.64845 1563.43 27.4517 
115.262 4.75098 1.34949 1575.78 25.6168 
127.642 5.23204 2.17889 1571.42 34.7687 
135.63 5.16088 5.76239 1578.67 40.0451 
112.598 6.87801 8.1601 1551.86 44.9307 
133.659 5.4936 6.86907 1579.31 34.6783 
144.319 7.2526 8.64845 1563.43 27.4517 
107.679 8.78297 8.17462 1579.08 25.8909 
105.075 8.8532 6.8674 1562.96 42.8722 
133.705 3.84721 3.99627 1554.69 43.3918 
141.879 7.26471 4.84924 1560.27 42.3114 
126.295 3.27209 7.40692 1579.92 37.3859 
141.519 6.61095 7.22259 1572.01 30.5597 
122.163 4.93611 3.94215 1575.24 32.267 
106.674 2.90185 2.41811 1558.68 24.6548 
144.922 6.1087 9.27795 1584.9 34.23 
120.335 4.86145 3.46715 1568.32 44.0746 
130.234 4.91028 1.65619 1586.23 21.4685 
128.942 8.94223 8.94223 1578.94 38.9422 
110.411 6.30538 1.89127 1566.85 42.4749 
125.02 5.0201 5.0201 1575.02 35.0201 
123.341 4.97379 4.38852 1575.15 33.4021 
125.013 5.01254 5.01254 1575.01 35.0125 
148.747 9.53764 5.03916 1555.49 22.0353 
143.932 3.96057 6.84906 1560.93 24.4138 
116.246 8.98987 2.01477 1597.01 23.7518 
133.596 6.49118 1.35235 1583.59 33.0461 
144.331 1.06964 4.80377 1582.45 38.0011 
125.02 5.0201 5.0201 1575.02 35.0201 
141.245 6.68165 4.91352 1568.61 25.7033 
141.063 4.74469 2.21049 1580.32 44.2203 
130.599 8.76016 8.91057 1577.27 37.7041 
128.79 8.79016 8.79016 1578.79 38.7902 
149.725 7.54089 8.9328 1577.38 46.7526 
131.114 9.33014 7.7713 1590.6 44.5416 
133.69 7.36101 6.57018 1569.51 36.2983 
125.009 5.00884 5.00884 1575.01 35.0088 
128.56 7.03217 9.5752 1588.63 35.2216 
125.009 5.00884 5.00884 1575.01 35.0088 
125.02 5.0201 5.0201 1575.02 35.0201 
149.101 9.65424 5.14435 1554.4 21.5216 
147.013 8.91819 5.13005 1554.59 23.6359 
125.009 5.00884 5.00884 1575.01 35.0088 
137.552 5.67319 3.59661 1572.89 32.6781 
113.991 5.97021 5.15073 1590.89 30.5308 
133.25 9.44868 5.89894 1562.84 30.6624 
126.327 6.32712 6.32712 1576.33 36.3271 
110.423 4.54376 7.11853 1599.82 30.3445 
122.239 5.26197 3.79192 1571.94 34.6554 
128.376 8.48586 8.0727 1576.31 38.4502 
124.947 5.0254 5.02895 1575.07 35.0154 
140.462 4.46442 9.12964 1558.96 34.4571 
143.17 6.01244 8.90287 1584.03 34.2991 
110.754 7.80182 8.61237 1583.77 32.0621 
134.165 3.70154 3.85671 1555.82 44.8284 
101.79 1.17279 2.76123 1559.05 21.4429 
125.009 5.00884 5.00884 1575.01 35.0088 
130.234 4.91028 1.65619 1586.23 21.4685 
138.362 3.26141 2.547 1574.25 42.5558 
111.335 0.895075 1.12402 1569.08 39.522 
128.79 8.79016 8.79016 1578.79 38.7902 
137.082 5.44775 5.51732 1581.09 40.4439 
141.522 7.30804 2.27234 1580 20.9631 
130.181 7.26613 5.01326 1577.55 25.4466 
141.496 1.5741 5.12909 1551.29 34.0753 
127.24 5.27143 4.82124 1571.32 35.3653 
128.942 8.94223 8.94223 1578.94 38.9422 
144.922 6.1087 9.27795 1584.9 34.23 
118.512 4.71016 2.24452 1580.96 29.9299 
124.919 5.73883 8.56049 1582.17 32.0291 
125.02 5.0201 5.0201 1575.02 35.0201 
128.79 8.79016 8.79016 1578.79 38.7902 
135.999 4.5578 5.86456 1588.78 25.3842 
125.013 5.01254 5.01254 1575.01 35.0125 
128.56 7.03217 9.5752 1588.63 35.2216 
112.499 3.43531 1.06506 1560.76 48.1289 
115.262 4.75098 1.34949 1575.78 25.6168 
131.674 7.61567 5.28244 1593.34 26.6407 
131.36 8.18787 6.24817 1581.71 23.4259 
129.311 7.99157 7.99468 1559.38 30.1574 
128.629 6.35803 9.65363 1599.24 41.1322 
112.814 5.15057 3.47864 1581.96 33.1178 
134.88 6.06374 7.93798 1586.84 33.029 
125.512 8.27958 8.32306 1576.25 39.6442 
105.519 8.90289 9.39514 1566.28 48.9279 
120.383 8.90414 1.47561 1589.46 27.3592 
103.928 1.98364 7.80212 1590.01 25.2679 
144.276 9.1744 6.73749 1559.26 33.092 
125.92 6.78008 6.47181 1576.87 35.9523 
138.655 0.272522 3.20129 1565.42 24.3488 
127.692 7.69174 7.69174 1577.69 37.6917 
125.02 5.0201 5.0201 1575.02 35.0201 
145.226 6.59424 9.99207 1571.57 24.0082 
128.942 8.94223 8.94223 1578.94 38.9422 
129.181 0.00946045 8.56506 1590.33 31.6473 
137.082 5.7934 5.2359 1566.99 23.2703 
134.93 8.07007 3.25134 1586.05 42.2958 
140.07 8.29742 8.14972 1571.17 22.438 
141.816 6.24778 7.03293 1560.3 29.4659 
112.333 5.36456 3.34989 1585.13 33.2621 
127.639 5.21401 2.1761 1571.45 34.7 
125.013 5.01254 5.01254 1575.01 35.0125 
149.101 9.65424 5.14435 1554.4 21.5216 
131.831 8.21402 0.43217 1586.92 29.3702 
125.02 5.0201 5.0201 1575.02 35.0201 
138.978 6.10976 3.56269 1553.2 35.901 
128.942 8.94223 8.94223 1578.94 38.9422 
144.821 1.93298 3.30292 1566.63 37.5497 
141.321 4.90723 4.53735 1582.67 32.5546 
126.498 3.5376 7.62573 1578.74 34.5248 
136.244 6.22396 3.00298 1574.73 27.8487 
118.221 5.36838 3.84218 1566.83 45.2919 
128.424 5.20629 5.74836 1576.71 34.885 
143.654 4.90485 1.39484 1569.53 42.2511 
100.063 5.63568 1.93298 1590.44 37.5497 
115.262 4.75098 1.34949 1575.78 25.6168 
149.101 9.65424 5.14435 1554.4 21.5216 
131.679 7.4865 4.97649 1556.16 29.8562 
136.847 7.78448 8.37439 1564.79 28.0387 
128.991 3.84953 2.59032 1580.81 23.6768 
128.627 4.34999 3.73333 1587.55 31.9796 
140.616 9.13762 4.36107 1562.04 23.0297 
141.997 3.75366 7.88208 1594.61 45.5917 
102.605 2.51282 8.62 1567.49 37.7631 
145.125 6.96122 8.29423 1577.23 44.4627 
130.599 8.76016 8.91057 1577.27 37.7041 
132.868 5.8837 7.84492 1594.24 41.9956 
131.807 1.00545 5.3974 1574.65 40.674 
115.262 4.75098 1.34949 1575.78 25.6168 
115.262 4.75098 1.34949 1575.78 25.6168 
149.101 9.65424 5.14435 1554.4 21.5216 
121.949 4.91065 1.59984 1570.25 26.318 
128.629 6.35803 9.65363 1599.24 41.1322 
113.203 3.64777 4.64752 1556.88 24.8917 
121.86 4.92552 3.8265 1575.26 31.9743 
128.78 4.90165 6.02542 1576.69 36.3267 
143.797 7.26654 9.55872 1596.28 36.1801 
123.549 9.84344 8.86993 1551.11 22.1982 
143.842 1.37057 8.69238 1588.56 41.7393 
113.277 7.70333 7.80651 1585.76 33.6421 
126.072 4.02564 5.49012 1588.36 27.3727 
129.311 7.99157 7.99468 1559.38 30.1574 
125.009 5.00884 5.00884 1575.01 35.0088 
141.321 4.90723 4.53735 1582.67 32.5546 
128.87 7.36904 4.63407 1576.9 24.6656 
109.76 4.95911 3.93555 1554.88 47.171 
121.023 7.37766 7.19742 1569.25 39.6009 
126.295 3.27209 7.40692 1579.92 37.3859 
111.932 8.17132 8.25708 1580.3 31.5667 
108.511 4.46777 0.568848 1581.38 21.5509 
130.761 5.63549 5.83928 1584.9 22.545 
128.942 8.94223 8.94223 1578.94 38.9422 
112.859 3.35317 2.65147 1590.81 41.6481 
109.76 4.95911 3.93555 1554.88 47.171 
140.866 8.46762 9.11157 1576.7 35.3233 
133.208 1.50757 6.36322 1578.48 32.6608 
121.352 2.33917 8.17291 1554.89 36.1224 
122.239 5.26197 3.79192 1571.94 34.6554 
138.252 6.52405 4.25018 1585.15 46.4441 
128.79 8.79016 8.79016 1578.79 38.7902 
140.942 6.77027 9.15761 1583.39 35.3551 
110.504 5.2534 4.3995 1597.05 39.9166 
140.996 4.02496 3.21716 1569.93 39.7269 
104.839 4.27917 1.78345 1576.35 40.6076 
129.887 3.94072 5.22348 1577.49 29.6377 
128.79 8.79016 8.79016 1578.79 38.7902 
131.462 3.38764 3.58972 1561.6 38.3392 
124.258 4.81318 4.79692 1574.68 35.1945 
106.638 2.46039 2.25322 1565.07 22.9448 
146.292 6.60431 7.09778 1579.06 22.1533 
137.775 5.74612 6.34181 1579.32 34.4528 
128.79 8.79016 8.79016 1578.79 38.7902 
140.996 4.02496 3.21716 1569.93 39.7269 
115.262 4.75098 1.34949 1575.78 25.6168 
128.455 6.78974 9.35572 1587.58 35.4043 
131.365 5.58073 5.57256 1586.96 37.4991 
101.471 4.09938 1.4551 1559.55 38.016 
123.59 2.99469 9.12964 1558.96 34.4571 
117.372 4.77051 6.11963 1588.01 32.5702 
100.172 3.98651 1.40106 1559.05 38.6905 
125.202 5.11104 5.05535 1575.21 34.6872 
118.931 6.20608 2.83655 1575.18 37.0374 
120.924 5.32645 4.11363 1575.85 34.8035 
125.02 5.0201 5.0201 1575.02 35.0201 
145.615 0.6755 3.91136 1594.23 35.2192 
127.394 8.66455 6.88782 1570.63 37.8271 
122.086 0.801086 7.82074 1558.59 49.231 
128.171 5.4428 4.8011 1583.52 44.7837 
125.009 5.00884 5.00884 1575.01 35.0088 
125.114 5.11444 5.11444 1575.11 35.1144 
124.919 5.73883 8.56049 1582.17 32.0291 
125.009 5.00884 5.00884 1575.01 35.0088 
149.094 8.79486 7.96722 1568.62 40.69 
144.922 6.1087 9.27795 1584.9 34.23 
144.922 6.1087 9.27795 1584.9 34.23 
128.79 8.79016 8.79016 1578.79 38.7902 
125.016 5.01636 5.01636 1575.02 35.0164 
115.869 2.74445 0.626831 1562.81 46.7371 
128.79 8.79016 8.79016 1578.79 38.7902 
128.942 8.94223 8.94223 1578.94 38.9422 
111.682 3.81659 3.51594 1576.59 40.9109 
128.896 8.8957 8.8957 1578.9 38.8957 
126.733 3.37171 7.16498 1579.23 36.7999 
128.79 8.79016 8.79016 1578.79 38.7902 
123.213 4.31646 0.166927 1552.49 33.9582 
125.014 5.01446 5.01446 1575.01 35.0145 
138.394 3.27035 2.52228 1574.12 42.3654 
131.868 3.62552 4.85722 1571.35 37.9199 
128.979 5.72968 4.03476 1584.97 44.045 
144.922 6.1087 9.27795 1584.9 34.23 
141.31 7.37335 6.46881 1563.11 21.9455 
125.954 5.00791 5.01654 1573.83 34.8335 
141.537 7.00592 0.168762 1590.09 26.3675 
106.319 8.93707 2.58698 1571.4 44.9683 
114.454 4.34644 1.56254 1559.02 37.2329 
108.478 0.608215 3.10547 1589.22 26.3739 
141.537 7.00592 0.168762 1590.09 26.3675 
125.01 5.01032 5.01032 1575.01 35.0103 
123.809 4.81368 7.07756 1567.77 32.545 
105.519 8.90289 9.39514 1566.28 48.9279 
139.962 6.22592 6.50366 1577.02 32.1506 
144.319 7.2526 8.64845 1563.43 27.4517 
115.262 4.75098 1.34949 1575.78 25.6168 
143.56 6.10477 8.89051 1583.42 33.5052 
111.087 8.13601 7.41353 1593.93 38.41 
112.555 3.31174 1.01474 1560.46 48.247 
139.58 0.649203 4.47262 1572.29 45.5109 
125.02 5.0201 5.0201 1575.02 35.0201 
130.571 4.59233 6.54036 1566.08 29.193 
112.888 4.55953 6.63613 1572.51 35.4052 
123.568 6.28058 6.4476 1584.38 27.346 
125.015 5.01463 5.01463 1575.01 35.0146 
149.101 9.65424 5.14435 1554.4 21.5216 
143.052 9.35336 1.1927 1581.42 32.7478 
128.989 7.16221 5.93924 1585.59 35.7947 
112.485 8.71857 1.86768 1591.8 25.7605 
124.403 4.51355 7.6178 1578.94 30.0717 
128.79 8.79016 8.79016 1578.79 38.7902 
144.462 6.00171 8.87442 1585.82 34.9329 
128.79 8.79016 8.79016 1578.79 38.7902 
125.193 6.58752 6.33199 1575.03 37.831 
133.479 7.9491 1.54527 1586.66 29.9817 
128.376 8.48586 8.0727 1576.31 38.4502 
118.018 6.05715 2.57999 1592.45 38.6811 
105.519 8.90289 9.39514 1566.28 48.9279 
106.674 2.90185 2.41811 1558.68 24.6548 
101.185 1.34394 1.47991 1588.93 38.481 
131.285 4.83237 1.76915 1585.98 43.8693 
147.231 9.24927 8.61298 1578.51 48.1909 
114.943 8.69904 7.36877 1555.51 32.7478 
102.742 3.96466 3.22458 1574.71 32.2613 
144.922 6.1087 9.27795 1584.9 34.23 
128.79 8.79016 8.79016 1578.79 38.7902 
125.009 5.00884 5.00884 1575.01 35.0088 
137.082 5.44775 5.51732 1581.09 40.4439 
139.256 8.67519 8.39495 1564.31 45.1294 
126.381 5.79736 7.53702 1584.36 33.4105 
111.371 2.86102 4.46503 1570.81 28.1793 
111.834 3.44427 4.84061 1581.35 34.7054 
137.639 8.61937 4.64122 1577.42 47.2065 
122.086 0.801086 7.82074 1558.59 49.231 
128.79 8.79016 8.79016 1578.79 38.7902 
128.79 8.79016 8.79016 1578.79 38.7902 
128.942 8.94223 8.94223 1578.94 38.9422 
126.498 3.5376 7.62573 1578.74 34.5248 
110.953 5.32959 5.32745 1560.03 26.611 
133.299 4.06189 1.1203 1592.08 41.9662 
121.141 0.769043 3.94501 1587.8 43.0109 
138.651 6.52594 2.68246 1591.89 42.4029 
146.292 6.60431 7.09778 1579.06 22.1533 
125.02 5.0201 5.0201 1575.02 35.0201 
109.997 0.864686 3.92173 1572.04 31.9271 
134.308 5.99519 6.29957 1575.44 38.2869 
110.277 1.71049 3.79349 1584.67 25.8755 
128.942 8.94223 8.94223 1578.94 38.9422 
125.75 5.10922 5.16163 1574.59 34.7412 
113.361 4.66815 3.37684 1578.16 39.2517 
126.733 3.37171 7.16498 1579.23 36.7999 
128.942 8.94223 8.94223 1578.94 38.9422 
137.81 1.52771 4.04724 1580.72 41.503 
110.504 5.2534 4.3995 1597.05 39.9166 
124.583 3.8251 5.09406 1563.38 35.4271 
143.851 1.38478 8.6863 1588.5 41.7046 
137.082 5.44775 5.51732 1581.09 40.4439 
125.013 5.01254 5.01254 1575.01 35.0125 
137.082 5.44775 5.51732 1581.09 40.4439 
129.181 0.00946045 8.56506 1590.33 31.6473 
141.522 7.30804 2.27234 1580 20.9631 
105.075 8.8532 6.8674 1562.96 42.8722 
144.197 1.44928 0.0418091 1599.09 33.1204 
116.414 5.10383 1.98871 1576.05 26.7386 
129.93 4.23526 4.60921 1581.45 31.3021 
129.716 8.68985 8.66671 1579.18 38.5427 
141.333 6.72385 2.56189 1560.32 40.61 
128.856 8.85592 8.85592 1578.86 38.8559 
116.246 8.98987 2.01477 1597.01 23.7518 
128.942 8.94223 8.94223 1578.94 38.9422 
128.942 8.94223 8.94223 1578.94 38.9422 
132.233 5.28055 3.6326 1592.48 32.4037 
125.2 5.10218 4.97268 1574.74 35.3809 
128.942 8.94223 8.94223 1578.94 38.9422 
111.371 2.86102 4.46503 1570.81 28.1793 
100.744 5.89015 2.32114 1589.55 37.3003 
121.738 7.25006 8.32672 1574.59 29.4757 
128.79 8.79016 8.79016 1578.79 38.7902 
139.58 0.649203 4.47262 1572.29 45.5109 
143.228 7.02977 8.33422 1564.24 28.6125 
124.717 5.20294 5.0519 1590.54 36.732 
127.642 5.23204 2.17889 1571.42 34.7687 
144.922 6.1087 9.27795 1584.9 34.23 
139.018 3.02625 2.92632 1583.63 34.3044 
128.79 8.79016 8.79016 1578.79 38.7902 
125.009 5.00884 5.00884 1575.01 35.0088 
130.117 8.84663 8.55194 1577.2 37.6618 
133.596 1.32023 3.37322 1570.26 25.0774 
125.219 5.09538 5.02445 1575.57 34.7617 
141.76 7.23785 2.96448 1576.93 32.1674 
146.662 8.00238 7.07644 1568.4 35.5933 
122.99 5.68438 3.83113 1569.22 34.6942 
130.181 7.26613 5.01326 1577.55 25.4466 
125.02 5.0201 5.0201 1575.02 35.0201 
113.996 3.52696 1.42612 1562.22 46.6934 
137.885 8.31787 8.4549 1563.68 36.5005 
128.938 5.96152 4.18858 1576.41 34.5264 
128.942 8.94223 8.94223 1578.94 38.9422 
113.854 8.81736 1.92124 1593.7 25.0291 
140.657 2.84454 0.55481 1583.27 23.967 
118.931 6.20608 2.83655 1575.18 37.0374 
131.889 3.59619 4.75006 1554.72 32.4585 
129.955 9.07715 2.55981 1590.6 37.1368 
128.79 8.79016 8.79016 1578.79 38.7902 
117.949 5.74654 3.88895 1592.96 35.3676 
112.926 4.84186 4.79961 1558.04 39.5564 
133.707 5.22919 3.69263 1582.77 44.3283 
143.741 8.87665 8.44757 1580.46 21.2268 
140.027 2.09917 3.4909 1576.35 41.1443 
104.074 3.30963 3.20618 1563.87 41.2915 
125.015 5.01519 5.01519 1575.02 35.0152 
106.177 6.53308 6.91618 1585.89 32.687 
141.76 7.23785 2.96448 1576.93 32.1674 
134.93 8.07007 3.25134 1586.05 42.2958 
125.019 5.01943 5.01943 1575.02 35.0194 
125.141 7.96248 8.93246 1577.52 39.9262 
144.231 1.5142 7.61933 1572.8 25.3893 
136.183 7.32819 3.80005 1577.73 42.868 
137.082 5.44775 5.51732 1581.09 40.4439 
128.942 8.94223 8.94223 1578.94 38.9422 
144.319 7.2526 8.64845 1563.43 27.4517 
112.859 3.35317 2.65147 1590.81 41.6481 
137.675 5.91665 5.9997 1574.4 38.1812 
128.942 8.94223 8.94223 1578.94 38.9422 
128.179 5.62772 3.82974 1581.68 33.2046 
141.522 7.30804 2.27234 1580 20.9631 
115.262 4.75098 1.34949 1575.78 25.6168 
127.263 7.26302 7.26302 1577.26 37.263 
121.549 6.47765 5.42516 1570.59 43.321 
111.386 4.55341 0.809205 1583.17 22.9961 
124.474 5.02478 2.20852 1568.63 34.1219 
125.02 5.0201 5.0201 1575.02 35.0201 
128.883 4.09293 4.27036 1571.33 32.6454 
125.785 5.01299 5.06502 1573.43 34.1005 
114.943 8.69904 7.36877 1555.51 32.7478 
125.013 5.01254 5.01254 1575.01 35.0125 
139.804 7.74873 8.73471 1567.98 30.8257 
124.755 4.97589 4.92872 1574.71 35.2826 
138.29 6.00281 0.774536 1560.87 21.3229 
103.387 1.64856 2.11273 1555.85 37.7328 
133.185 2.31026 5.16052 1566.49 32.6208 
122.438 3.10001 2.95037 1578.16 30.7537 
149.101 9.65424 5.14435 1554.4 21.5216 
128.797 4.78837 5.44642 1572.24 32.4811 
110.727 6.85664 4.52119 1586.19 38.0639 
131.37 6.3945 2.40704 1572.84 33.3853 
128.79 8.79016 8.79016 1578.79 38.7902 
140.824 8.41224 2.5845 1586.76 30.1851 
135.627 9.88244 9.32247 1592.79 44.2873 
128.79 8.79016 8.79016 1578.79 38.7902 
138.727 4.68597 7.68066 1591.1 20.3506 
128.106 8.10599 8.10599 1578.11 38.106 
128.942 8.94223 8.94223 1578.94 38.9422 
121.662 7.06752 5.91284 1560.87 32.2516 
109.523 9.92249 3.70697 1576.49 41.9305 
125.02 5.0201 5.0201 1575.02 35.0201 
128.942 8.94223 8.94223 1578.94 38.9422 
133.299 4.06189 1.1203 1592.08 41.9662 
142.024 4.58557 2.40662 1552.95 31.6574 
128.79 8.79016 8.79016 1578.79 38.7902 
128.79 8.79016 8.79016 1578.79 38.7902 
128.305 8.71366 8.82125 1578.13 39.3481 
145.594 8.97846 5.12516 1557.4 23.4857 
140.129 4.55998 1.8647 1580.12 43.3945 
124.417 5.08334 4.40109 1574.93 35.4585 
111.371 2.86102 4.46503 1570.81 28.1793 
137.405 6.0379 2.81586 1563.16 35.7507 
118.079 2.53766 6.25244 1589.1 35.8205 
132.587 5.71517 6.17838 1561.58 27.5916 
137.81 1.52771 4.04724 1580.72 41.503 
125.015 5.01463 5.01463 1575.01 35.0146 
133.652 5.44667 6.66232 1579.21 34.9776 
128.79 8.79016 8.79016 1578.79 38.7902 
128.942 8.94223 8.94223 1578.94 38.9422 
130.296 7.58514 4.01062 1567.49 45.2786 
148.236 9.21957 5.77855 1556.03 22.5949 
111.7 3.19458 0.740051 1559.47 49.1541 
125.02 5.0201 5.0201 1575.02 35.0201 
125.067 4.99597 5.04162 1575.03 35.0224 
126.943 7.62443 6.33209 1570.23 44.7492 
130.394 5.41806 3.30078 1569.29 29.4732 
129.862 6.62372 6.70475 1571.9 38.6093 
113.669 1.53058 2.62779 1559.38 38.7491 
115.895 9.33641 7.70543 1570.37 31.1004 
125.02 5.0201 5.0201 1575.02 35.0201 
133.69 7.36101 6.57018 1569.51 36.2983 
129.499 6.4555 2.68399 1588.15 38.8823 
129.951 3.85223 7.34985 1580.45 37.1716 
105.821 6.4093 7.33673 1587.36 33.7906 
142.465 8.93921 4.45557 1561.11 39.0421 
149.101 9.65424 5.14435 1554.4 21.5216 
127.287 8.01857 8.69229 1584.6 34.0254 
127.467 5.2005 3.00446 1586.06 24.6637 
144.319 7.2526 8.64845 1563.43 27.4517 
138.922 8.64197 8.50525 1564.65 45.9305 
125.703 4.84364 4.87549 1574.35 34.5839 
115.114 4.10769 7.32578 1588.13 31.0776 
125.02 5.0201 5.0201 1575.02 35.0201 
128.87 7.36904 4.63407 1576.9 24.6656 
128.79 8.79016 8.79016 1578.79 38.7902 
110.953 5.32959 5.32745 1560.03 26.611 
103.366 8.29193 5.54382 1555.18 35.2866 
112.849 0.0534058 9.33258 1590.87 22.9947 
145.904 9.17386 6.2084 1560.34 21.8461 
128.942 8.94223 8.94223 1578.94 38.9422 
107.591 0.469666 0.0924683 1567.43 39.3158 
112.888 4.55953 6.63613 1572.51 35.4052 
125.009 5.00884 5.00884 1575.01 35.0088 
114.737 0.146179 7.72156 1599.87 37.3859 
127.244 5.61266 3.81321 1584.01 37.8374 
112.859 3.35317 2.65147 1590.81 41.6481 
128.79 8.79016 8.79016 1578.79 38.7902 
125.013 5.01254 5.01254 1575.01 35.0125 
142.152 8.68266 5.43078 1558.49 23.8822 
141.522 7.30804 2.27234 1580 20.9631 
125.02 5.0201 5.0201 1575.02 35.0201 
115.262 4.75098 1.34949 1575.78 25.6168 
128.79 8.79016 8.79016 1578.79 38.7902 
141.522 7.30804 2.27234 1580 20.9631 
143.932 3.96057 6.84906 1560.93 24.4138 
100.063 5.63568 1.93298 1590.44 37.5497 
108.503 3.36975 2.9266 1560.34 25.8146 
138.76 7.75482 2.73346 1598.53 42.3453 
139.246 5.42696 2.45925 1556 28.5134 
125.02 5.0201 5.0201 1575.02 35.0201 
135.581 7.12112 3.26125 1593.09 40.6498 
135.425 0.496216 2.85553 1563.01 32.2287 
106.632 0.949324 3.61892 1571.57 33.9383 
126.982 5.20726 4.98657 1575.84 35.4397 
126.498 3.5376 7.62573 1578.74 34.5248 
130.228 3.53973 3.61237 1583.4 49.2804 
124.474 5.02478 2.20852 1568.63 34.1219 
136.244 6.22396 3.00298 1574.73 27.8487 
125.022 5.02194 5.02194 1575.02 35.0219 
125.016 5.01586 5.01586 1575.02 35.0159 
136.039 3.46118 2.1202 1580.49 24.404 
135.362 7.38403 0.513611 1565.24 26.9754 
147.688 2.0722e-010 2.21159e-014 1575.02 35.0201 
122.414 4.66115 3.31929 1587.17 35.1092 
127.642 5.23204 2.17889 1571.42 34.7687 
136.974 6.03675 5.45608 1557.84 33.4549 
125.02 5.0201 5.0201 1575.02 35.0201 
134.673 5.22285 4.90736 1562.15 32.1628 
125.02 5.0201 5.0201 1575.02 35.0201 
137.199 5.66175 4.53771 1574.59 38.7421 
128.942 8.94223 8.94223 1578.94 38.9422 
115.262 4.75098 1.34949 1575.78 25.6168 
133.652 5.44667 6.66232 1579.21 34.9776 
136.244 6.22396 3.00298 1574.73 27.8487 
138.447 6.37562 8.34119 1578.21 33.6793 
106.98 3.37587 2.96626 1576.41 33.0898 
138.786 8.76923 5.0708 1580.69 32.2086 
144.922 6.1087 9.27795 1584.9 34.23 
141.522 7.30804 2.27234 1580 20.9631 
137.199 5.66175 4.53771 1574.59 38.7421 
111.932 8.17132 8.25708 1580.3 31.5667 
125.009 5.00884 5.00884 1575.01 35.0088 
135.425 0.496216 2.85553 1563.01 32.2287 
144.556 8.3364 5.85095 1556.85 27.4235 
137.81 1.52771 4.04724 1580.72 41.503 
128.276 5.12386 5.32563 1558.28 44.8367 
125.02 5.0201 5.0201 1575.02 35.0201 
125.02 5.0201 5.0201 1575.02 35.0201 
138.566 5.69387 6.4501 1588.69 33.3152 
134.944 5.37122 5.42846 1580.01 39.4822 
112.39 0.552368 9.80469 1589.63 26.0617 
139.92 4.7879 4.85931 1597.1 43.2013 
135.999 4.5578 5.86456 1588.78 25.3842 
125.02 5.0201 5.0201 1575.02 35.0201 
133.479 7.9491 1.54527 1586.66 29.9817 
128.79 8.79016 8.79016 1578.79 38.7902 
128.79 8.79016 8.79016 1578.79 38.7902 
144.463 2.22349 2.43004 1586.29 29.313 
126.881 7.58766 3.568 1574.89 42.7068 
128.942 8.94223 8.94223 1578.94 38.9422 
128.797 4.78837 5.44642 1572.24 32.4811 
128.638 7.22725 4.65684 1576.79 25.2881 
127.263 7.26302 7.26302 1577.26 37.263 
143.819 8.66455 8.77441 1567.28 38.1027 
125.02 5.0201 5.0201 1575.02 35.0201 
106.986 4.87039 1.46857 1593.37 25.0867 
122.414 4.66115 3.31929 1587.17 35.1092 
111.516 3.14794 4.71394 1566.49 32.3057 
100.063 5.63568 1.93298 1590.44 37.5497 
128.942 8.94223 8.94223 1578.94 38.9422 
149.101 9.65424 5.14435 1554.4 21.5216 
123.484 1.84271 2.97103 1577.38 43.546 
141.519 6.61095 7.22259 1572.01 30.5597 
121.001 9.25293 2.49878 1586.35 35.8057 
133.482 6.5815 4.71811 1573.88 43.0084 
142.332 9.41986 0.386047 1582.94 31.8021 
149.101 9.65424 5.14435 1554.4 21.5216 
134.543 6.41162 6.44841 1577.98 36.5903 
143.353 2.54621 1.00897 1568.82 33.5346 
133.596 1.32023 3.37322 1570.26 25.0774 
128.942 8.94223 8.94223 1578.94 38.9422 
136.6 4.05579 2.79572 1578.44 40.4666 
136.573 4.40656 5.25397 1587.68 24.9802 
101.534 1.50757 0.91217 1554.01 21.3568 
129.95 3.79938 6.3312 1568.87 35.2643 
141.879 7.26471 4.84924 1560.27 42.3114 
137.885 8.31787 8.4549 1563.68 36.5005 
129.177 8.63326 8.75642 1579.26 38.9864 
148.236 9.21957 5.77855 1556.03 22.5949 
114.737 0.146179 7.72156 1599.87 37.3859 
113.768 6.51905 0.730591 1598.53 25.8044 
128.942 8.94223 8.94223 1578.94 38.9422 
128.79 8.79016 8.79016 1578.79 38.7902 
111.371 2.86102 4.46503 1570.81 28.1793 
100.063 5.63568 1.93298 1590.44 37.5497 
133.25 9.44868 5.89894 1562.84 30.6624 
128.942 8.94223 8.94223 1578.94 38.9422 
128.942 8.94223 8.94223 1578.94 38.9422 
127.961 7.96097 7.96097 1577.96 37.961 
133.208 1.50757 6.36322 1578.48 32.6608 
125.024 5.02378 5.02378 1575.02 35.0238 
148.236 9.21957 5.77855 1556.03 22.5949 
125.009 5.00884 5.00884 1575.01 35.0088 
111.371 2.86102 4.46503 1570.81 28.1793 
125.02 5.0201 5.0201 1575.02 35.0201 
125.02 5.0201 5.0201 1575.02 35.0201 
136.252 5.35157 4.6771 1588.6 36.1524 
120.909 5.12598 4.47672 1578.3 34.4521 
105.075 8.8532 6.8674 1562.96 42.8722 
136.148 5.62879 7.40089 1580.54 34.5783 
128.942 8.94223 8.94223 1578.94 38.9422 
137.408 5.65191 6.93056 1582.89 29.0097 
130.489 6.39008 2.9599 1595.93 28.6124 
129.613 5.62771 5.07433 1577.3 34.3426 
105.843 7.25555 6.28906 1594.7 25.4904 
144.922 6.1087 9.27795 1584.9 34.23 
141.765 3.82668 5.24272 1575.15 30.4517 
139.58 0.649203 4.47262 1572.29 45.5109 
111.834 3.44427 4.84061 1581.35 34.7054 
125.009 5.00884 5.00884 1575.01 35.0088 
128.79 8.79016 8.79016 1578.79 38.7902 
134.836 3.68727 2.53456 1571.57 34.3999 
113.768 6.51905 0.730591 1598.53 25.8044 
138.809 5.15524 2.45851 1556.03 29.1398 
118.287 7.12437 1.95538 1581.35 30.9883 
133.129 0.0285536 0.361027 1550.94 38.0452 
125.013 5.01254 5.01254 1575.01 35.0125 
134.944 5.37122 5.42846 1580.01 39.4822 
139.558 4.79336 4.86304 1596.57 43.0023 
125.013 5.01254 5.01254 1575.01 35.0125 
128.79 8.79016 8.79016 1578.79 38.7902 
112.888 4.55953 6.63613 1572.51 35.4052 
128.856 8.85592 8.85592 1578.86 38.8559 
120.163 7.06969 6.67664 1572.46 36.7256 
120.13 8.78582 6.92564 1582.55 32.2607 
124.762 5.01297 4.92285 1575.04 34.771 
105.843 7.25555 6.28906 1594.7 25.4904 
128.79 8.79016 8.79016 1578.79 38.7902 
125.01 5.01028 5.01028 1575.01 35.0103 
142.079 0.885961 7.20078 1554.88 25.2976 
104.839 4.27917 1.78345 1576.35 40.6076 
128.942 8.94223 8.94223 1578.94 38.9422 
127.412 8.0599 7.33531 1577.04 36.1793 
125.014 5.01446 5.01446 1575.01 35.0145 
125.013 5.01254 5.01254 1575.01 35.0125 
125.144 8.82891 4.65591 1577.91 22.4143 
128.79 8.79016 8.79016 1578.79 38.7902 
129.716 8.68985 8.66671 1579.18 38.5427 
112.888 4.55953 6.63613 1572.51 35.4052 
125.013 5.01254 5.01254 1575.01 35.0125 
125.011 5.02031 5.019 1575.03 35.021 
125.014 5.01446 5.01446 1575.01 35.0145 
144.727 7.95267 5.38481 1565.88 22.8112 
141.667 8.36396 4.30425 1555.63 26.9584 
115.262 4.75098 1.34949 1575.78 25.6168 
133.25 9.44868 5.89894 1562.84 30.6624 
132.573 4.27557 1.7988 1595.34 32.2288 
128.79 8.79016 8.79016 1578.79 38.7902 
143.052 9.35336 1.1927 1581.42 32.7478 
136.122 8.0393 5.01929 1555.71 27.7308 
130.107 6.98384 6.23552 1587.4 41.2357 
140.327 7.4881 4.15924 1578.06 29.0115 
115.262 4.75098 1.34949 1575.78 25.6168 
138.126 6.53656 3.88641 1553.27 37.0892 
137.082 5.44775 5.51732 1581.09 40.4439 
131.831 8.21402 0.43217 1586.92 29.3702 
137.927 5.71611 5.06783 1555.4 32.8337 
132.364 6.99498 3.63365 1564.71 41.3589 
137.082 5.44775 5.51732 1581.09 40.4439 
138.29 6.00281 0.774536 1560.87 21.3229 
130.489 6.39008 2.9599 1595.93 28.6124 
128.56 7.03217 9.5752 1588.63 35.2216 
119.269 1.93146 0.332031 1594.03 27.8854 
125.92 6.78008 6.47181 1576.87 35.9523 
127.137 4.08495 1.02511 1580.53 32.0261 
141.05 3.82364 7.72189 1593.52 45.0017 
124.145 4.7214 3.78455 1588.12 35.949 
135.581 7.12112 3.26125 1593.09 40.6498 
125.013 5.01254 5.01254 1575.01 35.0125 
129.181 0.00946045 8.56506 1590.33 31.6473 
121.023 7.37766 7.19742 1569.25 39.6009 
120.14 5.30691 4.01905 1575.6 35.2901 
121.141 0.769043 3.94501 1587.8 43.0109 
129.93 4.23526 4.60921 1581.45 31.3021 
125.01 5.00978 5.00978 1575.01 35.0098 
125.703 4.84364 4.87549 1574.35 34.5839 
128.79 8.79016 8.79016 1578.79 38.7902 
128.79 8.79016 8.79016 1578.79 38.7902 
145.521 5.22635 2.56825 1563.38 29.005 
106.986 4.87039 1.46857 1593.37 25.0867 
133.482 6.5815 4.71811 1550.33 38.631 
138.334 5.88087 5.60025 1581.77 34.096 
128.79 8.79016 8.79016 1578.79 38.7902 
149.725 7.54089 8.9328 1577.38 46.7526 
141.522 7.30804 2.27234 1580 20.9631 
115.869 2.74445 0.626831 1562.81 46.7371 
113.069 5.86109 5.49308 1575.83 37.6772 
107.591 0.469666 0.0924683 1567.43 39.3158 
107.027 5.94788 1.15936 1595.12 49.6695 
142.332 9.41986 0.386047 1582.94 31.8021 
101.185 1.34394 1.47991 1588.93 38.481 
144.331 1.06964 4.80377 1582.45 38.0011 
111.371 2.86102 4.46503 1570.81 28.1793 
128.363 2.38373 8.61969 1564.45 49.686 
128.942 8.94223 8.94223 1578.94 38.9422 
127.719 0.379639 8.77003 1577.4 39.5076 
144.788 6.42203 9.18396 1584.39 32.7581 
128.657 5.43537 5.69885 1572.83 33.5854 
125.015 5.01463 5.01463 1575.01 35.0146 
133.627 6.36248 3.82857 1568.24 27.194 
147.157 3.83331 6.93359 1587.2 35.9677 
149.101 9.65424 5.14435 1554.4 21.5216 
129.297 8.74001 8.78554 1578.29 38.4203 
106.632 0.949324 3.61892 1571.57 33.9383 
140.803 7.15003 8.80518 1568.78 29.214 
141.879 7.26471 4.84924 1560.27 42.3114 
143.819 8.66455 8.77441 1567.28 38.1027 
140.616 9.13762 4.36107 1562.04 23.0297 
115.92 6.86268 1.89508 1595.75 27.6675 
137.082 5.44775 5.51732 1581.09 40.4439 
112.598 6.87801 8.1601 1551.86 44.9307 
138.566 5.69387 6.4501 1588.69 33.3152 
107.679 8.78297 8.17462 1579.08 25.8909 
125.013 5.01254 5.01254 1575.01 35.0125 
136.862 6.21312 5.63531 1559.48 29.7437 
141.522 7.30804 2.27234 1580 20.9631 
125.02 5.0201 5.0201 1575.02 35.0201 
141.626 4.52945 2.15403 1579.48 43.3722 
107.591 0.469666 0.0924683 1567.43 39.3158 
128.942 8.94223 8.94223 1578.94 38.9422 
131.807 1.00545 5.3974 1574.65 40.674 
138.334 5.88087 5.60025 1581.77 34.096 
124.919 5.73883 8.56049 1582.17 32.0291 
133.208 1.50757 6.36322 1578.48 32.6608 
125.009 5.00884 5.00884 1575.01 35.0088 
126.21 4.52026 6.29913 1588.61 24.1162 
116.631 4.70011 2.63142 1551.38 26.6206 
125.786 5.27544 4.99169 1575.26 34.3773 
125.02 5.0201 5.0201 1575.02 35.0201 
139.58 0.649203 4.47262 1572.29 45.5109 
125.785 5.01299 5.06502 1573.43 34.1005 
141.783 8.47292 8.08869 1579.89 22.6681 
126.304 8.47808 7.92797 1580.68 40.0544 
125.02 5.0201 5.0201 1575.02 35.0201 
126.029 6.0289 6.0289 1576.03 36.0289 
109.824 3.08102 1.98102 1586.63 24.5926 
128.942 8.94223 8.94223 1578.94 38.9422 
131.01 2.29736 4.53003 1588.67 47.0978 
129.231 8.80294 8.46015 1578.5 38.5442 
138.353 5.36425 5.42554 1594.52 42.5857 
144.052 0.302124 1.18195 1556.6 23.1247 
106.986 4.87039 1.46857 1593.37 25.0867 
140.739 6.80407 9.15146 1583.31 35.4126 
135.097 3.40036 3.40807 1581.48 34.3685 
128.79 8.79016 8.79016 1578.79 38.7902 
128.942 8.94223 8.94223 1578.94 38.9422 
142.535 4.44979 1.95019 1586.53 33.7168 
116.161 3.57637 1.59317 1560.55 45.5958 
131.796 7.94403 3.42438 1554.91 41.6284 
128.474 2.64923 1.1145 1563.36 42.0029 
125.009 5.00884 5.00884 1575.01 35.0088 
113.237 8.31619 2.71003 1578.46 40.8568 
142.931 4.48517 9.82941 1583 41.2622 
141.629 4.54846 1.89578 1580.39 44.467 
112.158 5.78732 3.89404 1586.61 33.7904 
136.604 5.6552 7.49969 1580.77 34.5618 
130.117 8.84663 8.55194 1577.2 37.6618 
133.25 9.44868 5.89894 1562.84 30.6624 
113.004 2.2226 2.49023 1576.78 42.6181 
141.629 4.54846 1.89578 1580.39 44.467 
128.942 8.94223 8.94223 1578.94 38.9422 
134.308 5.99519 6.29957 1575.44 38.2869 
129.544 6.25298 7.52316 1579.89 35.3936 
135.661 6.17775 6.55798 1562.67 33.0664 
125.068 5.03975 5.03842 1574.56 35.1371 
125.02 5.0201 5.0201 1575.02 35.0201 
140.071 6.75901 7.84779 1565.97 29.1142 
142.699 4.39295 5.60048 1567.2 34.7056 
115.262 4.75098 1.34949 1575.78 25.6168 
101.846 5.52511 1.96158 1589.68 37.7829 
100.063 5.63568 1.93298 1590.44 37.5497 
119.073 0.601196 0.256042 1582.28 25.1892 
105.273 3.90711 6.14862 1574.71 37.3321 
106.319 8.93707 2.58698 1571.4 44.9683 
146.89 8.44936 7.69747 1569.21 40.171 
145.001 3.79425 7.27539 1560.32 21.5884 
128.245 8.72854 8.55512 1578.78 38.2628 
141.522 7.30804 2.27234 1580 20.9631 
139.804 7.74873 8.73471 1567.98 30.8257 
139.018 3.02625 2.92632 1583.63 34.3044 
128.942 8.94223 8.94223 1578.94 38.9422 
125.013 5.01254 5.01254 1575.01 35.0125 
126.029 6.0289 6.0289 1576.03 36.0289 
149.101 9.65424 5.14435 1554.4 21.5216 
125.013 5.01261 5.01261 1575.01 35.0126 
128.56 7.03217 9.5752 1588.63 35.2216 
105.519 8.90289 9.39514 1566.28 48.9279 
110.953 5.32959 5.32745 1560.03 26.611 
128.942 8.94223 8.94223 1578.94 38.9422 
125.982 5.98174 5.98174 1575.98 35.9817 
137.639 8.61937 4.64122 1577.42 47.2065 
128.56 7.03217 9.5752 1588.63 35.2216 
125.02 5.0201 5.0201 1575.02 35.0201 
115.307 0.40288 7.58915 1598.56 37.2491 
142.152 8.68266 5.43078 1558.49 23.8822 
140.598 6.49953 1.92302 1592.28 37.5084 
144.922 6.1087 9.27795 1584.9 34.23 
133.158 5.96146 6.55003 1570.13 31.8288 
128.383 5.68876 4.79722 1575.06 29.3253 
141.269 5.90892 8.49654 1583.25 35.4285 
115.307 0.40288 7.58915 1598.56 37.2491 
139.22 6.52889 6.65064 1580.23 37.3124 
130.55 6.06719 5.18977 1569.28 26.5822 
125.212 5.10939 5.0103 1574.37 35.4145 
145.882 5.35284 7.31225 1584.68 38.3159 
125.009 5.00884 5.00884 1575.01 35.0088 
140.462 4.46442 9.12964 1558.96 34.4571 
128.79 8.79016 8.79016 1578.79 38.7902 
128.942 8.94223 8.94223 1578.94 38.9422 
132.233 5.28055 3.6326 1592.48 32.4037 
128.017 4.00757 6.02051 1596.57 30.2072 
127.136 3.71663 3.8022 1569.38 40.0551 
119.934 2.41089 5.85541 1562.76 40.5197 
145.81 4.03446 4.09576 1568.01 37.2635 
124.272 1.80664 4.04205 1583.82 47.5766 
125.013 5.01254 5.01254 1575.01 35.0125 
124.762 5.01297 4.92285 1575.04 34.771 
100.063 5.63568 1.93298 1590.44 37.5497 
145.125 6.96122 8.29423 1577.23 44.4627 
105.331 5.5033 2.58257 1587.18 37.0131 
126.788 5.42708 4.72877 1576.83 36.2642 
140.078 8.0882 4.1247 1555.9 28.1204 
144.319 7.2526 8.64845 1563.43 27.4517 
120.14 5.30691 4.01905 1575.6 35.2901 
145.125 6.96122 8.29423 1577.23 44.4627 
110.423 4.54376 7.11853 1599.82 30.3445 
142.847 7.45014 5.10152 1554.96 27.8528 
145.125 6.96122 8.29423 1577.23 44.4627 
104.839 4.27917 1.78345 1576.35 40.6076 
128.942 8.94223 8.94223 1578.94 38.9422 
149.094 8.79486 7.96722 1568.62 40.69 
136.531 9.99298 9.69299 1593.37 45.2054 
133.659 5.4936 6.86907 1579.31 34.6783 
144.197 1.44928 0.0418091 1599.09 33.1204 
102.605 2.51282 8.62 1567.49 37.7631 
119.435 5.50171 9.80194 1581.4 29.83 
128.896 8.8957 8.8957 1578.9 38.8957 
106.986 4.87039 1.46857 1593.37 25.0867 
138.394 3.27035 2.52228 1574.12 42.3654 
125.017 5.01741 5.01741 1575.02 35.0174 
115.262 4.75098 1.34949 1575.78 25.6168 
129.702 6.11033 2.5104 1567.87 24.6209 
124.919 5.73883 8.56049 1582.17 32.0291 
125.014 5.01411 5.01411 1575.01 35.0141 
104.074 3.30963 3.20618 1563.87 41.2915 
133.652 5.44667 6.66232 1579.21 34.9776 
125.02 5.0201 5.0201 1575.02 35.0201 
149.094 8.79486 7.96722 1568.62 40.69 
130.296 7.58514 4.01062 1567.49 45.2786 
149.101 9.65424 5.14435 1554.4 21.5216 
106.638 2.46039 2.25322 1565.07 22.9448 
118.993 5.32815 1.25416 1594.04 26.2425 
131.595 6.01573 5.15956 1569.63 33.0188 
148.396 0.577393 4.1803 1567.19 30.7565 
135.39 7.53997 6.23315 1584.65 27.155 
111.652 9.37317 8.59497 1598.2 38.2639 
130.437 6.49811 2.78595 1590.57 32.8906 
127.394 8.66455 6.88782 1570.63 37.8271 
137.082 5.44775 5.51732 1581.09 40.4439 
128.79 8.79016 8.79016 1578.79 38.7902 
115.955 4.72428 6.3233 1590.42 32.1164 
144.319 7.2526 8.64845 1563.43 27.4517 
105.821 6.4093 7.33673 1587.36 33.7906 
108.705 1.27196 1.80925 1564.5 33.7003 
128.856 8.85592 8.85592 1578.86 38.8559 
139.834 3.89403 4.95903 1575.19 30.0994 
142.024 4.58557 2.40662 1552.95 31.6574 
128.78 4.90165 6.02542 1576.69 36.3267 
144.231 1.5142 7.61933 1572.8 25.3893 
144.922 6.1087 9.27795 1584.9 34.23 
111.682 3.81659 3.51594 1576.59 40.9109 
106.674 2.90185 2.41811 1558.68 24.6548 
125.009 5.00884 5.00884 1575.01 35.0088 
126.508 7.03563 6.03547 1571.32 42.5496 
121.893 9.34828 5.84004 1576.58 39.3228 
128.79 8.79016 8.79016 1578.79 38.7902 
138.02 5.34168 2.58026 1582.64 31.1383 
130.479 5.6516 6.04643 1571.74 32.8793 
143.932 3.96057 6.84906 1560.93 24.4138 
144.331 1.06964 4.80377 1582.45 38.0011 
126.896 7.94388 6.67547 1569.76 29.945 
113.748 1.45172 9.8175 1581 28.7671 
128.629 6.35803 9.65363 1599.24 41.1322 
141.522 7.30804 2.27234 1580 20.9631 
118.352 0.585938 3.29742 1566.98 42.739 
112.598 6.87801 8.1601 1551.86 44.9307 
139.48 6.69284 7.7387 1566.33 29.3494 
130.832 5.56646 4.89475 1580.59 45.5417 
125.212 5.10939 5.0103 1574.37 35.4145 
129.744 6.59729 4.95629 1585.54 44.648 
140.226 1.30962 5.0539 1573.82 44.1463 
125.02 5.0201 5.0201 1575.02 35.0201 
134.807 7.8358e-020 0.192261 1555.23 29.549 
125.02 5.0201 5.0201 1575.02 35.0201 
125.01 5.01032 5.01032 1575.01 35.0103 
142.783 5.16462 2.98053 1556.64 25.9218 
114.564 5.00195 4.90416 1591.28 32.8129 
142.931 4.48517 9.82941 1583 41.2622 
119.073 0.601196 0.256042 1582.28 25.1892 
111.371 2.86102 4.46503 1570.81 28.1793 
112.888 4.55953 6.63613 1572.51 35.4052 
123.809 4.81368 7.07756 1567.77 32.545 
131.805 6.67741 7.42208 1587.16 36.6327 
122.104 5.85907 3.79028 1581.6 36.7276 
112.116 9.3276 8.60451 1598.02 38.2075 
125.02 5.0201 5.0201 1575.02 35.0201 
110.457 0.899793 3.19139 1573.61 38.8735 
133.474 5.98683 3.15105 1570.84 31.8826 
124.72 4.96237 4.78322 1577.1 35.1794 
134.464 0.317383 6.83899 1577.06 42.6668 
129.893 7.17445 9.32265 1577.79 39.8361 
130.177 7.32303 6.06812 1567.13 35.6027 
100.063 5.63568 1.93298 1590.44 37.5497 
139.228 9.15492 3.02639 1580.63 33.2306 
128.305 8.71366 8.82125 1578.13 39.3481 
107.679 8.78297 8.17462 1579.08 25.8909 
116.246 8.98987 2.01477 1597.01 23.7518 
134.318 8.29203 5.54246 1589.67 40.8057 
149.101 9.65424 5.14435 1554.4 21.5216 
113.856 3.61801 6.72939 1568.43 34.4821 
141.522 7.30804 2.27234 1580 20.9631 
128.564 5.41288 6.55699 1574.46 32.3006 
129.893 5.88165 8.66197 1571.71 38.9066 
143.797 7.26654 9.55872 1596.28 36.1801 
128.79 8.79016 8.79016 1578.79 38.7902 
125.009 5.00884 5.00884 1575.01 35.0088 
138.786 8.76923 5.0708 1580.69 32.2086 
126.972 1.59489 8.79524 1578.89 33.1279 
141.05 3.82364 7.72189 1593.52 45.0017 
133.849 7.63894 5.92286 1572.31 25.0009 
112.485 8.71857 1.86768 1591.8 25.7605 
147.688 2.0722e-010 2.21159e-014 1575.02 35.0201 
128.79 8.79016 8.79016 1578.79 38.7902 
138.566 5.69387 6.4501 1588.69 33.3152 
144.922 6.1087 9.27795 1584.9 34.23 
149.101 9.65424 5.14435 1554.4 21.5216 
147.429 1.08644 4.40373 1556.17 36.0158 
138.29 6.00281 0.774536 1560.87 21.3229 
133.479 7.9491 1.54527 1586.66 29.9817 
128.79 8.79016 8.79016 1578.79 38.7902 
139.804 7.74873 8.73471 1567.98 30.8257 
122.104 5.85907 3.79028 1581.6 36.7276 
134.165 5.2828 5.81588 1571.33 26.8888 
134.88 6.06374 7.93798 1586.84 33.029 
127.287 8.01857 8.69229 1584.6 34.0254 
110.411 6.30538 1.89127 1566.85 42.4749 
134.318 8.29203 5.54246 1589.67 40.8057 
130.75 3.95345 5.75247 1569.18 28.2385 
133.482 6.5815 4.71811 1573.88 43.0084 
131.387 7.80914 2.32819 1558.48 47.0273 
140.598 6.49953 1.92302 1592.28 37.5084 
125.009 5.00884 5.00884 1575.01 35.0088 
125.013 5.01254 5.01254 1575.01 35.0125 
113.798 9.42527 7.52897 1569 29.8494 
142.699 4.39295 5.60048 1567.2 34.7056 
110.953 5.32959 5.32745 1560.03 26.611 
115.262 4.75098 1.34949 1575.78 25.6168 
143.089 6.36405 8.80179 1562 29.6842 
147.688 2.0722e-010 2.21159e-014 1575.02 35.0201 
128.79 8.79016 8.79016 1578.79 38.7902 
119.435 5.50171 9.80194 1581.4 29.83 
130.479 5.6516 6.04643 1571.74 32.8793 
111.386 4.55341 0.809205 1583.17 22.9961 
109.523 9.92249 3.70697 1576.49 41.9305 
125.144 8.82891 4.65591 1577.91 22.4143 
128.979 5.72968 4.03476 1584.97 44.045 
144.086 2.07458 0.6073 1567.24 33.6322 
128.79 8.79016 8.79016 1578.79 38.7902 
124.919 5.73883 8.56049 1582.17 32.0291 
147.429 1.08644 4.40373 1556.17 36.0158 
143.143 0.473022 7.43195 1551.8 23.9249 
100.13 2.67456 2.20764 1576.06 32.8311 
137.927 5.71611 5.06783 1555.4 32.8337 
116.804 4.79351 1.92961 1575.66 27.1029 
125.02 5.0201 5.0201 1575.02 35.0201 
116.246 8.98987 2.01477 1597.01 23.7518 
114.943 8.69904 7.36877 1555.51 32.7478 
125.06 1.52649 3.23029 1586.9 29.4162 
135.229 5.34773 4.91652 1570.61 28.2593 
138.786 8.76923 5.0708 1580.69 32.2086 
125.903 5.90341 5.90341 1575.9 35.9034 
143.42 5.31928 5.71659 1568.34 32.8967 
128.79 8.79016 8.79016 1578.79 38.7902 
128.942 8.94223 8.94223 1578.94 38.9422 
125.02 5.0201 5.0201 1575.02 35.0201 
125.02 5.0201 5.0201 1575.02 35.0201 
141.378 8.68132 4.38973 1563.11 23.3927 
125.013 5.01254 5.01254 1575.01 35.0125 
134.82 8.58339 7.46714 1574.17 29.7077 
128.79 8.79016 8.79016 1578.79 38.7902 
145.81 4.03446 4.09576 1568.01 37.2635 
133.482 6.5815 4.71811 1550.33 38.631 
125.02 5.0201 5.0201 1575.02 35.0201 
113.792 5.94485 4.70665 1578.4 38.8621 
125.65 8.57891 8.22748 1579.54 37.0119 
116.619 7.45938 4.95309 1566.3 36.6069 
106.638 2.46039 2.25322 1565.07 22.9448 
143.654 4.90485 1.39484 1569.53 42.2511 
130.68 5.56182 6.08117 1574.55 34.9486 
121.312 5.9342 7.1755 1583.46 37.7963 
139.58 0.649203 4.47262 1572.29 45.5109 
135.676 5.49754 7.13143 1580.48 38.5304 
124.258 4.81318 4.79692 1574.68 35.1945 
139.042 7.1514 9.15441 1582.7 35.9641 
144.922 6.1087 9.27795 1584.9 34.23 
141.522 7.30804 2.27234 1580 20.9631 
139.962 6.22592 6.50366 1577.02 32.1506 
126.881 7.58766 3.568 1574.89 42.7068 
130.135 8.52497 3.31118 1579.17 46.945 
131.789 7.71186 7.7311 1583.72 39.9786 
145.001 3.79425 7.27539 1560.32 21.5884 
125.586 4.69569 5.08318 1572.84 34.1151 
123.549 9.84344 8.86993 1551.11 22.1982 
105.821 6.4093 7.33673 1587.36 33.7906 
139.55 7.81613 5.09506 1562.58 26.8757 
127.642 5.23204 2.17889 1571.42 34.7687 
122.239 5.26197 3.79192 1571.94 34.6554 
144.922 6.1087 9.27795 1584.9 34.23 
130.117 8.84663 8.55194 1577.2 37.6618 
132.063 3.00171 6.74744 1565.36 26.3226 
136.6 4.05579 2.79572 1578.44 40.4666 
100.13 2.67456 2.20764 1576.06 32.8311 
124.72 4.96237 4.78322 1577.1 35.1794 
128.79 8.79016 8.79016 1578.79 38.7902 
134.67 3.07901 8.62733 1586.2 34.9337 
133.627 6.36248 3.82857 1568.24 27.194 
106.632 0.949324 3.61892 1571.57 33.9383 
144.922 6.1087 9.27795 1584.9 34.23 
123.549 9.84344 8.86993 1551.11 22.1982 
125.013 5.01254 5.01254 1575.01 35.0125 
101.79 1.17279 2.76123 1559.05 21.4429 
128.79 8.79016 8.79016 1578.79 38.7902 
138.651 6.52594 2.68246 1591.89 42.4029 
128.79 8.79016 8.79016 1578.79 38.7902 
133.652 5.44667 6.66232 1579.21 34.9776 
115.114 4.10769 7.32578 1588.13 31.0776 
139.018 3.02625 2.92632 1583.63 34.3044 
143.277 1.49027 7.54321 1553.76 24.5469 
125.02 5.0201 5.0201 1575.02 35.0201 
125.024 5.02378 5.02378 1575.02 35.0238 
103.676 5.63852 1.44575 1556.84 37.6522 
144.922 6.1087 9.27795 1584.9 34.23 
125.02 5.0201 5.0201 1575.02 35.0201 
117.448 5.59027 6.25754 1570.5 31.5029 
134.165 5.2828 5.81588 1571.33 26.8888 
128.942 8.94223 8.94223 1578.94 38.9422 
139.58 0.649203 4.47262 1572.29 45.5109 
129.192 8.44116 2.65503 1567.76 39.2993 
128.185 7.02036 5.89241 1582.6 31.6083 
128.404 5.66598 5.0311 1572.11 33.1133 
128.942 8.94223 8.94223 1578.94 38.9422 
141.05 3.82364 7.72189 1593.52 45.0017 
138.707 1.64337 8.6676 1557.98 35.7077 
141.522 7.30804 2.27234 1580 20.9631 
131.36 8.18787 6.24817 1581.71 23.4259 
128.383 5.68876 4.79722 1575.06 29.3253 
147.665 4.26971 4.19281 1587.92 38.7207 
144.319 7.2526 8.64845 1563.43 27.4517 
138.394 3.27035 2.52228 1574.12 42.3654 
115.262 4.75098 1.34949 1575.78 25.6168 
113.203 3.64777 4.64752 1556.88 24.8917 
125.013 5.01254 5.01254 1575.01 35.0125 
129.674 7.3877 2.94373 1583.99 43.5831 
132.573 4.27557 1.7988 1595.34 32.2288 
124.914 3.28715 3.6003 1555.83 37.4267 
135.661 6.17775 6.55798 1562.67 33.0664 
125.009 5.00884 5.00884 1575.01 35.0088 
128.942 8.94223 8.94223 1578.94 38.9422 
128.942 8.94223 8.94223 1578.94 38.9422 
110.683 8.88123 4.9411 1555.2 36.3 
130.117 8.84663 8.55194 1577.2 37.6618 
141.522 7.30804 2.27234 1580 20.9631 
113.582 5.38727 4.43115 1596.54 32.334 
100.134 1.87042 6.19415 1555.1 38.2401 
133.299 4.06189 1.1203 1592.08 41.9662 
125.022 5.02194 5.02194 1575.02 35.0219 
102.341 1.77643 9.71466 1574.77 29.418 
128.363 2.38373 8.61969 1564.45 49.686 
100.13 2.67456 2.20764 1576.06 32.8311 
114.764 4.76959 8.74329 1566.49 44.0857 
141.522 7.30804 2.27234 1580 20.9631 
103.907 7.6549 5.88239 1575.24 48.9446 
130.437 6.49811 2.78595 1590.57 32.8906 
112.274 4.16377 0.788428 1584.9 28.6973 
126.698 7.26606 6.84575 1582.29 37.7752 
135.999 4.5578 5.86456 1588.78 25.3842 
125.015 5.01463 5.01463 1575.01 35.0146 
119.435 5.50171 9.80194 1581.4 29.83 
104.558 8.72606 1.45736 1591.79 30.9088 
131.391 5.3686 6.3832 1578.18 34.7672 
107.064 5.50562 6.64501 1582.77 45.0133 
143.353 2.54621 1.00897 1568.82 33.5346 
128.56 7.03217 9.5752 1588.63 35.2216 
122.049 7.07069 5.95965 1560.91 32.1695 
128.79 8.79016 8.79016 1578.79 38.7902 
125.013 5.01254 5.01254 1575.01 35.0125 
136.531 9.99298 9.69299 1593.37 45.2054 
137.775 5.74612 6.34181 1579.32 34.4528 
134.077 5.7407 4.03735 1576.42 30.2008 
115.262 4.75098 1.34949 1575.78 25.6168 
137.808 9.17379 7.17152 1567.96 31.1234 
141.997 3.75366 7.88208 1594.61 45.5917 
131.909 4.41818 4.51545 1566.94 34.19 
128.942 8.94223 8.94223 1578.94 38.9422 
113.798 9.42527 7.52897 1569 29.8494 
117.448 5.59027 6.25754 1570.5 31.5029 
146.292 6.60431 7.09778 1579.06 22.1533 
147.429 1.08644 4.40373 1556.17 36.0158 
115.335 4.75896 1.36488 1575.8 25.6291 
103.366 8.29193 5.54382 1555.18 35.2866 
106.876 8.6812 6.76874 1562.54 42.3219 
128.08 8.83235 8.21662 1579.48 38.5181 
111.248 4.06707 4.75686 1584.59 37.2713 
129.951 3.85223 7.34985 1580.45 37.1716 
144.922 6.1087 9.27795 1584.9 34.23 
116.246 8.98987 2.01477 1597.01 23.7518 
129.219 0.595398 9.94293 1598.21 39.9997 
128.942 8.94223 8.94223 1578.94 38.9422 
123.341 4.97379 4.38852 1575.15 33.4021 
114.764 4.76959 8.74329 1566.49 44.0857 
128.899 2.09969 3.97915 1570.24 41.1495 
127.89 6.41294 3.0866 1580.44 42.9029 
141.522 7.30804 2.27234 1580 20.9631 
145.882 5.35284 7.31225 1584.68 38.3159 
132.997 8.09087 8.91737 1580.38 37.6009 
128.227 4.99785 4.63051 1577.04 35.4699 
101.471 4.09938 1.4551 1559.55 38.016 
128.942 8.94223 8.94223 1578.94 38.9422 
109.037 4.03035 0.753599 1559.86 38.2482 
127.944 5.78179 5.75304 1572.84 37.3146 
144.922 6.1087 9.27795 1584.9 34.23 
104.158 6.96594 8.58307 1551.05 23.8351 
100.063 5.63568 1.93298 1590.44 37.5497 
125.786 5.27544 4.99169 1575.26 34.3773 
121.433 7.29627 6.00314 1587.54 30.8468 
123.076 8.51389 8.26845 1582.94 35.5261 
137.199 5.66175 4.53771 1574.59 38.7421 
121.738 7.25006 8.32672 1574.59 29.4757 
139.48 6.69284 7.7387 1566.33 29.3494 
128.79 8.79016 8.79016 1578.79 38.7902 
125.02 5.0201 5.0201 1575.02 35.0201 
125.013 5.01254 5.01254 1575.01 35.0125 
126.154 2.10205 9.26331 1558.18 39.1959 
105.843 7.25555 6.28906 1594.7 25.4904 
112.555 3.31174 1.01474 1560.46 48.247 
109.28 0.361061 5.11925 1573.7 25.0415 
127.043 1.74377 1.6391 1575.65 21.4832 
128.276 5.12386 5.32563 1558.28 44.8367 
124.914 3.28715 3.6003 1555.83 37.4267 
141.92 0.522596 1.09948 1568.35 39.9912 
120.21 7.66846 4.29138 1565.91 24.3204 
105.075 8.8532 6.8674 1562.96 42.8722 
112.598 5.84106 3.06641 1598.3 21.6544 
115.262 4.75098 1.34949 1575.78 25.6168 
127.043 1.74377 1.6391 1575.65 21.4832 
128.942 8.94223 8.94223 1578.94 38.9422 
142.538 7.10153 5.50509 1571.62 23.4563 
119.073 0.601196 0.256042 1582.28 25.1892 
105.519 8.90289 9.39514 1566.28 48.9279 
128.87 7.36904 4.63407 1576.9 24.6656 
141.522 7.30804 2.27234 1580 20.9631 
125.144 8.82891 4.65591 1577.91 22.4143 
125.013 5.01254 5.01254 1575.01 35.0125 
133.627 6.36248 3.82857 1568.24 27.194 
121.662 7.06752 5.91284 1560.87 32.2516 
106.177 6.53308 6.91618 1585.89 32.687 
135.071 4.96428 4.62686 1560.98 31.6915 
128.79 8.79016 8.79016 1578.79 38.7902 
121.549 6.47765 5.42516 1570.59 43.321 
149.725 7.54089 8.9328 1577.38 46.7526 
133.622 5.90654 2.50752 1567.88 28.4578 
128.942 8.94223 8.94223 1578.94 38.9422 
128.942 8.94223 8.94223 1578.94 38.9422 
124.762 5.01297 4.92285 1575.04 34.771 
128.79 8.79016 8.79016 1578.79 38.7902 
125.022 5.02194 5.02194 1575.02 35.0219 
125.013 5.01254 5.01254 1575.01 35.0125 
115.262 4.75098 1.34949 1575.78 25.6168 
104.146 3.3123 3.19832 1563.92 41.2504 
141.31 7.37335 6.46881 1563.11 21.9455 
132.233 5.28055 3.6326 1592.48 32.4037 
124.843 5.41565 9.24652 1572.01 42.5146 
128.79 8.79016 8.79016 1578.79 38.7902 
100.063 5.63568 1.93298 1590.44 37.5497 
128.942 8.94223 8.94223 1578.94 38.9422 
137.659 2.36523 3.78532 1563.98 36.5869 
123.178 1.7041 6.68518 1558.27 39.7955 
121.001 9.25293 2.49878 1586.35 35.8057 
125.954 5.00791 5.01654 1573.83 34.8335 
137.885 8.31787 8.4549 1563.68 36.5005 
143.932 3.96057 6.84906 1560.93 24.4138 
105.821 6.4093 7.33673 1587.36 33.7906 
142.332 9.41986 0.386047 1582.94 31.8021 
128.146 5.3135 5.60094 1574.75 34.9741 
127.015 1.79019 1.687 1575.64 21.6748 
125.02 5.0201 5.0201 1575.02 35.0201 
144.052 0.302124 1.18195 1556.6 23.1247 
134.464 6.11554 1.66707 1596.09 42.6668 
115.262 4.75098 1.34949 1575.78 25.6168 
142.873 8.51026 3.69232 1580.98 34.0633 
125.02 5.0201 5.0201 1575.02 35.0201 
125.02 5.0201 5.0201 1575.02 35.0201 
116.246 8.98987 2.01477 1597.01 23.7518 
115.262 4.75098 1.34949 1575.78 25.6168 
129.951 3.85223 7.34985 1580.45 37.1716 
100.063 5.63568 1.93298 1590.44 37.5497 
142.495 6.8457 2.38739 1559.28 41.0086 
111.371 2.86102 4.46503 1570.81 28.1793 
125.458 3.73029 4.22612 1577.04 34.9835 
138.792 8.70361 2.10632 1572.83 20.1126 
115.262 4.75098 1.34949 1575.78 25.6168 
127.287 8.01857 8.69229 1584.6 34.0254 
144.086 2.07458 0.6073 1567.24 33.6322 
138.589 9.20702 7.0313 1567.02 30.4592 
129.219 0.595398 9.94293 1598.21 39.9997 
130.171 5.95258 5.33269 1578.15 37.7115 
147.429 1.08644 4.40373 1556.17 36.0158 
149.101 9.65424 5.14435 1554.4 21.5216 
135.826 7.62071 9.0029 1581.45 36.8014 
140.942 6.77027 9.15761 1583.39 35.3551 
144.319 7.2526 8.64845 1563.43 27.4517 
115.262 4.75098 1.34949 1575.78 25.6168 
143.932 3.96057 6.84906 1560.93 24.4138 
138.922 8.64197 8.50525 1564.65 45.9305 
135.976 4.55797 5.8604 1588.77 25.403 
110.411 6.30538 1.89127 1566.85 42.4749 
130.107 6.98384 6.23552 1587.4 41.2357 
128.942 8.94223 8.94223 1578.94 38.9422 
141.256 6.72092 8.01469 1590.59 45.6712 
125.013 5.01254 5.01254 1575.01 35.0125 
115.114 4.10769 7.32578 1588.13 31.0776 
141.765 3.82668 5.24272 1575.15 30.4517 
110.683 8.88123 4.9411 1555.2 36.3 
142.024 4.58557 2.40662 1552.95 31.6574 
128.942 8.94223 8.94223 1578.94 38.9422 
128.376 8.48586 8.0727 1576.31 38.4502 
132.753 4.37286 0.0790405 1586.75 24.9338 
141.874 6.96854 8.18766 1564.89 28.4085 
125.019 5.01943 5.01943 1575.02 35.0194 
125.02 5.0201 5.0201 1575.02 35.0201 
139.58 0.649203 4.47262 1572.29 45.5109 
134.318 8.29203 5.54246 1589.67 40.8057 
104.074 3.30963 3.20618 1563.87 41.2915 
125.01 5.01032 5.01032 1575.01 35.0103 
125.013 5.01254 5.01254 1575.01 35.0125 
149.101 9.65424 5.14435 1554.4 21.5216 
128.79 8.79016 8.79016 1578.79 38.7902 
125.024 5.02378 5.02378 1575.02 35.0238 
137.552 5.67319 3.59661 1572.89 32.6781 
147.429 1.08644 4.40373 1556.17 36.0158 
133.208 1.50757 6.36322 1578.48 32.6608 
132.448 9.53979 1.53961 1581.7 25.3293 
121.102 6.19569 5.10787 1570.11 43.2687 
144.922 6.1087 9.27795 1584.9 34.23 
126.884 4.90426 4.50863 1587.7 35.7225 
137.082 5.44775 5.51732 1581.09 40.4439 
113.756 8.34665 9.17284 1592.77 46.1683 
128.871 8.87061 8.87061 1578.87 38.8706 
121.949 4.91065 1.59984 1570.25 26.318 
103.928 1.98364 7.80212 1590.01 25.2679 
142.332 9.41986 0.386047 1582.94 31.8021 
132.349 8.56785 8.87713 1575.5 36.3962 
128.79 8.79016 8.79016 1578.79 38.7902 
134.277 2.16583 2.72858 1565.79 32.5561 
125.009 5.00884 5.00884 1575.01 35.0088 
128.79 8.79016 8.79016 1578.79 38.7902 
128.942 8.94223 8.94223 1578.94 38.9422 
126.698 7.26606 6.84575 1582.29 37.7752 
125.92 6.78008 6.47181 1576.87 35.9523 
117.018 8.92883 3.43462 1586.14 29.2658 
125.011 5.01079 5.01079 1575.01 35.0108 
125.024 5.02378 5.02378 1575.02 35.0238 
144.231 1.5142 7.61933 1572.8 25.3893 
141.76 7.23785 2.96448 1576.93 32.1674 
135.382 6.15784 1.23352 1597.85 41.9186 
141.496 1.5741 5.12909 1551.29 34.0753 
105.075 8.8532 6.8674 1562.96 42.8722 
128.942 8.94223 8.94223 1578.94 38.9422 
144.922 6.1087 9.27795 1584.9 34.23 
128.942 8.94223 8.94223 1578.94 38.9422 
144.922 6.1087 9.27795 1584.9 34.23 
125.009 5.00884 5.00884 1575.01 35.0088 
135.581 7.12112 3.26125 1593.09 40.6498 
112.849 0.0534058 9.33258 1590.87 22.9947 
129.862 6.62372 6.70475 1571.9 38.6093 
125.014 5.01446 5.01446 1575.01 35.0145 
115.262 4.75098 1.34949 1575.78 25.6168 
130.296 7.58514 4.01062 1567.49 45.2786 
138.394 3.27035 2.52228 1574.12 42.3654 
115.869 2.74445 0.626831 1562.81 46.7371 
125.86 4.98888 4.85364 1575.29 35.4946 
111.139 8.80194 6.87295 1565.04 41.5014 
134.662 6.87196 5.06534 1566.76 29.6082 
141.05 3.82364 7.72189 1593.52 45.0017 
129.528 7.57242 7.65019 1581.11 32.5773 
125.02 5.0201 5.0201 1575.02 35.0201 
144.086 2.07458 0.6073 1567.24 33.6322 
148.084 9.61096 5.32694 1555.62 22.3865 
105.821 6.4093 7.33673 1587.36 33.7906 
123.549 9.84344 8.86993 1551.11 22.1982 
123.916 8.63907 7.90864 1557.3 26.8331 
111.371 2.86102 4.46503 1570.81 28.1793 
127.005 7.39998 8.75844 1580.5 35.614 
131.807 1.00545 5.3974 1574.65 40.674 
110.504 5.2534 4.3995 1597.05 39.9166 
135.254 0.923548 2.9321 1566.92 24.5331 
115.262 4.75098 1.34949 1575.78 25.6168 
140.078 8.0882 4.1247 1555.9 28.1204 
100.063 5.63568 1.93298 1590.44 37.5497 
128.942 8.94223 8.94223 1578.94 38.9422 
125.02 5.0201 5.0201 1575.02 35.0201 
138.727 4.68597 7.68066 1591.1 20.3506 
124.145 4.7214 3.78455 1588.12 35.949 
134.277 2.16583 2.72858 1565.79 32.5561 
140.462 4.46442 9.12964 1558.96 34.4571 
125.013 5.01254 5.01254 1575.01 35.0125 
125.707 4.58956 4.39824 1572.73 37.1585 
115.262 4.75098 1.34949 1575.78 25.6168 
117.729 4.34958 7.01894 1583.18 29.3651 
125.013 5.01254 5.01254 1575.01 35.0125 
142.465 8.93921 4.45557 1561.11 39.0421 
128.79 8.79016 8.79016 1578.79 38.7902 
128.942 8.94223 8.94223 1578.94 38.9422 
122.019 6.56347 5.59303 1571.14 42.8733 
120.163 7.06969 6.67664 1572.46 36.7256 
118.282 5.01103 2.10823 1574.5 25.8075 
128.883 4.09293 4.27036 1571.33 32.6454 
100.063 5.63568 1.93298 1590.44 37.5497 
129.307 5.51162 4.64376 1567.89 35.6926 
128.79 8.79016 8.79016 1578.79 38.7902 
140.146 3.4666 1.45916 1580.86 22.4694 
128.79 8.79016 8.79016 1578.79 38.7902 
125.02 5.0201 5.0201 1575.02 35.0201 
143.654 4.90485 1.39484 1569.53 42.2511 
128.111 5.32659 5.50126 1575.31 36.4826 
128.455 6.78974 9.35572 1587.58 35.4043 
124.258 4.81318 4.79692 1574.68 35.1945 
130.234 4.91028 1.65619 1586.23 21.4685 
133.874 8.06774 9.04584 1580.78 37.4879 
135.071 4.96428 4.62686 1560.98 31.6915 
142.465 8.93921 4.45557 1561.11 39.0421 
105.519 8.90289 9.39514 1566.28 48.9279 
100.063 5.63568 1.93298 1590.44 37.5497 
129.893 7.17445 9.32265 1577.79 39.8361 
128.942 8.94223 8.94223 1578.94 38.9422 
122.049 7.07069 5.95965 1560.91 32.1695 
144.922 6.1087 9.27795 1584.9 34.23 
125.02 5.0201 5.0201 1575.02 35.0201 
107.591 0.469666 0.0924683 1567.43 39.3158 
125.02 5.0201 5.0201 1575.02 35.0201 
109.997 0.864686 3.92173 1572.04 31.9271 
131.831 8.21402 0.43217 1586.92 29.3702 
128.942 8.94223 8.94223 1578.94 38.9422 
125.299 4.94389 4.99887 1575.14 35.1616 
131.391 5.3686 6.3832 1578.18 34.7672 
128.79 8.79016 8.79016 1578.79 38.7902 
112.814 5.15057 3.47864 1581.96 33.1178 
113.119 3.62263 2.91059 1587.92 40.6039 
116.874 6.93637 2.29231 1594.42 28.4664 
140.598 6.49953 1.92302 1592.28 37.5084 
123.111 4.65239 3.51131 1588.28 36.0345 
128.942 8.94223 8.94223 1578.94 38.9422 
125.405 5.40532 5.40532 1575.41 35.4053 
120.29 7.14577 6.68412 1568.09 42.6536 
143.932 3.96057 6.84906 1560.93 24.4138 
145.904 9.17386 6.2084 1560.34 21.8461 
140.027 2.09917 3.4909 1576.35 41.1443 
138.447 6.37562 8.34119 1578.21 33.6793 
125.009 5.00884 5.00884 1575.01 35.0088 
144.922 6.1087 9.27795 1584.9 34.23 
144.533 5.44591 6.09272 1583.57 32.3186 
141.522 7.30804 2.27234 1580 20.9631 
141.321 4.90723 4.53735 1582.67 32.5546 
126.972 1.59489 8.79524 1578.89 33.1279 
129.152 5.05944 4.88818 1577.48 35.4011 
135.827 7.23908 3.31622 1574.51 24.2 
128.942 8.94223 8.94223 1578.94 38.9422 
121.86 4.92552 3.8265 1575.26 31.9743 
130.236 8.10106 7.96893 1580.7 38.2579 
106.541 8.54462 3.81592 1588.11 21.9574 
118.352 0.585938 3.29742 1566.98 42.739 
128.79 8.79016 8.79016 1578.79 38.7902 
142.024 4.58557 2.40662 1552.95 31.6574 
127.378 5.19346 4.83051 1575.42 32.2822 
125.013 5.01254 5.01254 1575.01 35.0125 
128.942 8.94223 8.94223 1578.94 38.9422 
128.79 8.79016 8.79016 1578.79 38.7902 
129.887 3.94072 5.22348 1577.49 29.6377 
126.884 4.90426 4.50863 1587.7 35.7225 
128.979 5.72968 4.03476 1584.97 44.045 
125.306 5.12597 5.38674 1576.94 35.5037 
128.942 8.94223 8.94223 1578.94 38.9422 
134.318 8.29203 5.54246 1589.67 40.8057 
132.063 3.00171 6.74744 1565.36 26.3226 
133.208 1.50757 6.36322 1578.48 32.6608 
133.596 1.32023 3.37322 1570.26 25.0774 
128.08 8.83235 8.21662 1579.48 38.5181 
114.977 8.22418 8.19611 1581.49 43.8513 
125.009 5.00884 5.00884 1575.01 35.0088 
128.79 8.79016 8.79016 1578.79 38.7902 
149.094 8.79486 7.96722 1568.62 40.69 
128.942 8.94223 8.94223 1578.94 38.9422 
100.063 5.63568 1.93298 1590.44 37.5497 
125.75 5.10922 5.16163 1574.59 34.7412 
128.79 8.79016 8.79016 1578.79 38.7902 
128.171 5.4428 4.8011 1583.52 44.7837 
125.015 5.01514 5.01514 1575.02 35.0151 
128.79 8.79016 8.79016 1578.79 38.7902 
130.135 8.52497 3.31118 1579.17 46.945 
123.568 6.28058 6.4476 1584.38 27.346 
145.001 3.79425 7.27539 1560.32 21.5884 
121.662 7.06752 5.91284 1560.87 32.2516 
104.564 2.12562 1.34954 1557.99 21.8591 
137.927 5.71611 5.06783 1555.4 32.8337 
123.42 4.95184 5.23933 1572.89 32.0839 
133.299 4.06189 1.1203 1592.08 41.9662 
134.464 6.11554 1.66707 1596.09 42.6668 
114.943 8.69904 7.36877 1555.51 32.7478 
100.063 5.63568 1.93298 1590.44 37.5497 
144.922 6.1087 9.27795 1584.9 34.23 
146.292 6.60431 7.09778 1579.06 22.1533 
131.37 6.3945 2.40704 1572.84 33.3853 
149.101 9.65424 5.14435 1554.4 21.5216 
128.79 8.79016 8.79016 1578.79 38.7902 
115.262 4.75098 1.34949 1575.78 25.6168 
133.652 5.44667 6.66232 1579.21 34.9776 
129.177 8.63326 8.75642 1579.26 38.9864 
115.114 4.10769 7.32578 1588.13 31.0776 
128.564 5.41288 6.55699 1574.46 32.3006 
140.824 8.41224 2.5845 1586.76 30.1851 
116.631 4.70011 2.63142 1551.38 26.6206 
125.02 5.0201 5.0201 1575.02 35.0201 
128.179 5.62772 3.82974 1581.68 33.2046 
128.942 8.94223 8.94223 1578.94 38.9422 
134.85 5.36591 4.12537 1563.98 39.7003 
140.462 4.46442 9.12964 1558.96 34.4571 
143.499 9.05105 2.57743 1574.12 31.1651 
125.171 7.57815 6.17955 1573.77 42.9648 
125.013 5.01254 5.01254 1575.01 35.0125 
115.307 0.40288 7.58915 1598.56 37.2491 
128.627 4.34999 3.73333 1587.55 31.9796 
123.568 6.28058 6.4476 1584.38 27.346 
124.879 4.80892 5.00336 1574.33 34.4889 
125.02 5.0201 5.0201 1575.02 35.0201 
134.807 7.8358e-020 0.192261 1555.23 29.549 
128.942 8.94223 8.94223 1578.94 38.9422 
118.561 7.7948 2.32513 1581.91 26.9498 
137.049 5.44877 5.51812 1581.07 40.4097 
137.869 4.64941 4.86443 1597.1 43.5861 
128.797 4.78837 5.44642 1572.24 32.4811 
140.616 9.13762 4.36107 1562.04 23.0297 
127.65 3.08411 2.00989 1586.6 48.721 
125.013 5.01254 5.01254 1575.01 35.0125 
111.834 3.44427 4.84061 1581.35 34.7054 
138.707 1.64337 8.6676 1557.98 35.7077 
128.276 5.12386 5.32563 1558.28 44.8367 
140.824 8.41224 2.5845 1586.76 30.1851 
138.655 0.272522 3.20129 1565.42 24.3488 
130.419 5.13802 3.33101 1585.34 26.3447 
126.835 8.70099 8.43086 1579.78 38.8406 
120.315 5.311 1.17373 1580.64 40.2016 
116.619 7.45938 4.95309 1566.3 36.6069 
124.663 3.23486 2.98279 1578.14 48.3804 
107.362 2.37917 1.93152 1559.22 24.7472 
115.262 4.75098 1.34949 1575.78 25.6168 
125.786 5.27544 4.99169 1575.26 34.3773 
124.755 4.97589 4.92872 1574.71 35.2826 
134.639 3.72101 3.88611 1552.5 44.2926 
142.63 2.10571 1.15601 1577.66 20.4276 
128.821 8.82113 8.82113 1578.82 38.8211 
125.022 5.02194 5.02194 1575.02 35.0219 
128.79 8.79016 8.79016 1578.79 38.7902 
125.009 5.00884 5.00884 1575.01 35.0088 
122.049 7.07069 5.95965 1560.91 32.1695 
143.127 0.21637 9.36981 1599.66 49.3427 
129.544 6.25298 7.52316 1579.89 35.3936 
146.89 8.44936 7.69747 1569.21 40.171 
144.103 7.22494 8.58338 1563.48 27.5197 
104.558 8.72606 1.45736 1591.79 30.9088 
125.02 5.0201 5.0201 1575.02 35.0201 
109.037 4.03035 0.753599 1559.86 38.2482 
128.942 8.94223 8.94223 1578.94 38.9422 
139.92 4.7879 4.85931 1597.1 43.2013 
137.869 4.64941 4.86443 1597.1 43.5861 
140.164 7.79395 6.03943 1563.28 24.6157 
107.551 8.89823 6.77053 1562.48 41.6718 
128.79 8.79016 8.79016 1578.79 38.7902 
128.79 8.79016 8.79016 1578.79 38.7902 
129.893 7.17445 9.32265 1577.79 39.8361 
116.246 8.98987 2.01477 1597.01 23.7518 
139.92 4.7879 4.85931 1597.1 43.2013 
145.615 0.6755 3.91136 1594.23 35.2192 
125.013 5.01254 5.01254 1575.01 35.0125 
128.117 8.72958 7.87268 1574.85 38.3257 
132.063 3.00171 6.74744 1565.36 26.3226 
128.942 8.94223 8.94223 1578.94 38.9422 
140.016 4.96662 4.97057 1594.75 41.732 
134.839 7.22443 4.56024 1568.79 22.959 
111.383 3.90403 3.83669 1567.76 39.0998 
104.074 3.30963 3.20618 1563.87 41.2915 
125.013 5.01254 5.01254 1575.01 35.0125 
123.555 4.88653 4.85325 1575.13 34.8633 
106.541 8.54462 3.81592 1588.11 21.9574 
126.949 6.99948 5.25894 1574.93 33.3131 
143.932 3.96057 6.84906 1560.93 24.4138 
128.79 8.79016 8.79016 1578.79 38.7902 
126.498 3.5376 7.62573 1578.74 34.5248 
143.052 9.35336 1.1927 1581.42 32.7478 
127.754 4.68708 8.79306 1578.85 35.5613 
135.63 5.16088 5.76239 1578.67 40.0451 
125.013 5.01254 5.01254 1575.01 35.0125 
123.076 8.51389 8.26845 1582.94 35.5261 
140.803 7.15003 8.80518 1568.78 29.214 
128.942 8.94223 8.94223 1578.94 38.9422 
100.172 3.98651 1.40106 1559.05 38.6905 
128.979 5.72968 4.03476 1584.97 44.045 
142.332 9.41986 0.386047 1582.94 31.8021 
140.735 3.8626 5.09141 1575.17 30.2638 
147.118 8.81121 4.3168 1555.86 27.3709 
116.246 8.98987 2.01477 1597.01 23.7518 
123.177 6.98233 7.74093 1594.18 35.2455 
126.304 8.47808 7.92797 1580.68 40.0544 
124.044 4.95654 4.48837 1572.43 34.364 
145.125 6.96122 8.29423 1577.23 44.4627 
132.418 5.48153 4.16406 1560.35 31.0795 
125.009 5.00884 5.00884 1575.01 35.0088 
141.783 8.47292 8.08869 1579.89 22.6681 
125.86 4.98888 4.85364 1575.29 35.4946 
137.804 9.40381 9.63004 1592.08 43.5406 
131.807 1.00545 5.3974 1574.65 40.674 
125.2 5.10218 4.97268 1574.74 35.3809 
115.262 4.75098 1.34949 1575.78 25.6168 
125.02 5.0201 5.0201 1575.02 35.0201 
139.55 7.81613 5.09506 1562.58 26.8757 
128.942 8.94223 8.94223 1578.94 38.9422 
145.615 0.6755 3.91136 1594.23 35.2192 
