139.674 1.92158 3.35228 1583.99 34.1497 
116.005 4.62799 1.3797 1595.97 29.1223 
116.005 4.62799 1.3797 1595.97 29.1223 
149.164 0.977859 4.6522 1586.7 30.9765 
102.454 3.86169 1.16638 1599.91 42.197 
117.661 2.34436 2.28119 1593.97 46.8643 
102.454 3.86169 1.16638 1599.91 42.197 
130.583 0.98999 4.14795 1593.89 35.8102 
142.332 9.41986 0.386047 1582.94 31.8021 
141.358 6.2581 1.66223 1588.13 28.1988 
122.677 2.77781 2.29622 1589.44 38.6489 
137.154 0.796702 4.13577 1585.38 31.0758 
121.191 0.861511 3.6087 1564.12 25.6671 
122.925 3.19427 2.09045 1595.68 44.2569 
112.981 1.31195 2.35901 1556.22 28.0594 
141.371 5.01318 2.50581 1564.37 26.8472 
119.835 2.2821 2.24792 1595.18 48.0536 
133.73 6.26404 1.81183 1552.08 23.5834 
131.439 4.01703 3.32001 1574.44 37.7356 
122.925 3.19427 2.09045 1595.68 44.2569 
139.674 1.92158 3.35228 1583.99 34.1497 
119.835 2.2821 2.24792 1595.18 48.0536 
112.981 1.31195 2.35901 1556.22 28.0594 
117.661 2.34436 2.28119 1593.97 46.8643 
129.243 5.16508 2.51227 1570.46 30.4139 
149.95 3.47382 2.99896 1587.38 22.8024 
115.176 2.95571 1.87369 1571.01 37.9641 
129.113 1.20281 3.14346 1573.34 27.0393 
143.489 7.3764 1.96472 1581.52 32.1445 
128.729 3.57411 2.97117 1583.24 30.741 
103.387 1.64856 2.11273 1555.85 37.7328 
112.981 1.31195 2.35901 1556.22 28.0594 
114.975 3.51013 1.8219 1579.81 36.1115 
140.996 1.81171 4.01671 1570.95 38.9085 
134.012 5.34821 2.01752 1583.82 44.7028 
142.024 4.58557 2.40662 1552.95 31.6574 
139.674 1.92158 3.35228 1583.99 34.1497 
113.235 2.1018 2.34493 1575.87 41.6157 
132.77 0.962524 3.3371 1575.07 25.3384 
102.454 3.86169 1.16638 1599.91 42.197 
143.807 3.39312 2.7342 1559.75 42.4126 
130.679 3.01147 2.63794 1586.36 35.0476 
122.925 3.19427 2.09045 1595.68 44.2569 
137.531 1.14044 4.04694 1565.56 49.7775 
149.95 3.47382 2.99896 1587.38 22.8024 
132.77 0.962524 3.3371 1575.07 25.3384 
117.661 2.34436 2.28119 1593.97 46.8643 
122.636 0.507507 3.23944 1589.52 37.0993 
116.005 4.62799 1.3797 1595.97 29.1223 
132.59 6.44257 1.61163 1567.78 30.5927 
112.825 2.69348 2.08008 1561.47 45.3839 
109.668 2.33917 2.08527 1594.29 46.5082 
102.068 6.41327 0.345154 1577.82 36.3339 
122.636 0.507507 3.23944 1589.52 37.0993 
126.74 2.43408 2.95837 1556.24 38.4836 
122.636 0.507507 3.23944 1589.52 37.0993 
113.467 1.75206 2.38578 1575.64 40.9877 
132.59 6.44257 1.61163 1567.78 30.5927 
149.95 3.47382 2.99896 1587.38 22.8024 
118.066 1.5155 2.25098 1571.26 44.0857 
139.166 3.05359 2.96906 1586.63 33.3127 
132.072 0.272522 3.20129 1565.42 24.3488 
132.59 6.44257 1.61163 1567.78 30.5927 
147.371 3.88259 2.8049 1577.58 39.3535 
113.901 1.37318 2.38046 1557.29 28.2441 
145.026 5.95909 1.67143 1577.69 43.1076 
141.222 2.46822 3.75879 1576.52 30.3816 
138.694 2.57207 3.57476 1566.14 26.8745 
116.634 4.72069 1.52273 1555.18 36.9861 
149.873 7.72491 2.04407 1558.53 31.6473 
119.835 2.2821 2.24792 1595.18 48.0536 
142.235 2.19214 3.40016 1590.01 34.339 
137.81 1.52771 4.04724 1580.72 41.503 
123.116 4.65607 1.62109 1564.34 43.0704 
111.514 1.8811 2.2287 1574.84 41.9287 
122.636 0.507507 3.23944 1589.52 37.0993 
128.003 4.8407 1.95953 1592.22 30.188 
108.009 3.54614 2.4585 1559.36 47.0685 
114.975 3.51013 1.8219 1579.81 36.1115 
118.513 1.37665 3.34961 1553.52 47.1591 
145.399 4.32922 2.57477 1579.29 31.5594 
145.852 3.83162 2.8741 1579.07 40.6401 
102.454 3.86169 1.16638 1599.91 42.197 
137.059 0.317688 4.2804 1553.86 25.6845 
124.609 6.08765 1.44043 1563.85 49.3802 
137.531 1.14044 4.04694 1565.56 49.7775 
107.843 0.467224 2.5592 1574.96 24.0256 
129.113 1.20281 3.14346 1573.34 27.0393 
116.005 4.62799 1.3797 1595.97 29.1223 
132.77 0.962524 3.3371 1575.07 25.3384 
148.764 6.17615 2.15271 1592.68 23.8525 
111.514 1.8811 2.2287 1574.84 41.9287 
109.668 2.33917 2.08527 1594.29 46.3919 
148.317 1.1734 4.2572 1560.42 27.8653 
139.166 3.05359 2.96906 1586.63 33.3127 
136.678 7.38373 1.16882 1575.25 24.8523 
131.906 1.49078 3.08936 1562.16 42.6497 
110.231 1.97723 1.92902 1559.98 48.7027 
117.661 2.34436 2.28119 1593.97 46.8643 
107.843 0.467224 2.5592 1574.96 24.0256 
139.383 5.41824 3.15602 1563.02 48.1723 
119.835 2.2821 2.24792 1595.18 48.0536 
122.677 2.77781 2.29622 1589.44 38.6489 
116.33 6.42939 0.767124 1555.16 36.5439 
130.679 3.01147 2.63794 1586.36 35.0476 
117.503 2.72736 3.43658 1569.54 39.1528 
149.164 0.977859 4.6522 1586.7 30.9765 
105.594 6.633 1.89789 1583.07 44.4116 
147.086 3.35571 2.72125 1593.17 23.6319 
139.674 1.92158 3.35228 1583.99 34.1497 
122.074 0.562825 3.55513 1594.17 22.5638 
117.661 2.34436 2.28119 1593.97 46.8643 
118.472 4.01089 1.66462 1568.02 34.9554 
132.149 2.3111 3.49243 1552.79 23.8406 
118.513 1.37665 3.34961 1553.52 47.1591 
145.105 2.17792 3.97734 1558.34 35.5628 
133.305 5.5545 1.3739 1579.03 31.0211 
122.074 0.562825 3.55513 1594.17 22.5638 
120.557 6.30035 1.09619 1585.05 20.575 
111.514 1.8811 2.2287 1574.84 41.9287 
122.925 3.19427 2.09045 1595.68 44.2569 
145.026 5.95909 1.67143 1577.69 43.1076 
129.42 2.16217 2.79297 1578.03 46.2317 
135.497 5.44128 2.59827 1555.09 25.2945 
116.472 2.35088 2.12209 1558.77 37.7001 
127.362 2.81893 2.47207 1562.4 28.3836 
123.116 4.65607 1.62109 1564.34 43.0704 
122.636 0.507507 3.23944 1589.52 37.0993 
122.677 2.77781 2.29622 1589.44 38.6489 
140.196 5.34637 2.28302 1555.14 28.2315 
104.622 3.02765 1.82709 1574.21 45.0186 
139.674 1.92158 3.35228 1583.99 34.1497 
130.679 3.01147 2.63794 1586.36 35.0476 
117.661 2.34436 2.28119 1593.97 46.8643 
132.799 2.45875 3.49153 1571.34 39.4279 
130.294 2.82494 2.53846 1585.72 34.6676 
137.892 7.39227 1.48071 1577.28 47.941 
144.162 5.49652 2.40448 1597.35 33.2861 
129.42 2.16217 2.79297 1578.03 46.2317 
139.122 5.63568 1.93298 1590.44 37.5497 
145.852 3.83162 2.8741 1579.07 40.6401 
146.074 9.52728 0.941162 1567.44 46.8753 
127.504 9.87671 1.2207 1584.08 41.0773 
142.009 6.91129 2.47551 1581.23 20.9842 
113.235 2.1018 2.34493 1575.87 41.6157 
142.024 4.58557 2.40662 1552.95 31.6574 
112.981 1.31195 2.35901 1556.22 28.0594 
148.05 0.988464 4.54498 1554.66 35.6216 
125.476 3.78082 2.10388 1597 48.4903 
112.981 1.31195 2.35901 1556.22 28.0594 
122.677 2.77781 2.29622 1589.44 38.6489 
143.924 0.607897 3.83808 1569.91 30.7833 
129.839 7.82257 0.596313 1551.42 29.386 
137.531 1.14044 4.04694 1565.56 49.7775 
116.173 5.02747 2.19574 1550.77 24.7223 
128.478 4.74322 1.75267 1585.03 21.4844 
130.325 5.82214 1.32355 1575.63 31.7627 
137.531 1.14044 4.04694 1565.56 49.7775 
131.859 0.161743 4.32159 1585.45 29.3915 
122.925 3.19427 2.09045 1595.68 44.2569 
127.362 2.81893 2.47207 1562.4 28.3836 
142.024 4.58557 2.40662 1552.95 31.6574 
129.42 2.16217 2.79297 1578.03 46.2317 
122.677 2.77781 2.29622 1589.44 38.6489 
135.497 5.44128 2.59827 1555.09 25.2945 
139.122 5.63568 1.93298 1590.44 37.5497 
146.671 3.508 2.78381 1556 41.925 
117.661 2.34436 2.28119 1593.97 46.8643 
123.743 4.20201 2.56429 1590.55 32.5795 
134.325 0.168457 5.74799 1556.81 37.9919 
129.198 0.764465 4.07013 1565.26 34.957 
110.396 0.873413 3.17261 1573.59 38.8736 
116.005 4.62799 1.3797 1595.97 29.1223 
134.362 1.82953 3.29326 1573.4 40.525 
119.835 2.2821 2.24792 1595.18 48.0536 
133.73 6.26404 1.81183 1552.08 23.5834 
128.335 1.55016 3.12247 1589.8 37.5247 
132.77 0.962524 3.3371 1575.07 25.3384 
146.136 3.53407 2.75741 1556.19 41.9511 
122.677 2.77781 2.29622 1589.44 38.6489 
128.207 1.46733 2.52136 1561.85 34.46 
116.005 4.62799 1.3797 1595.97 29.1223 
140.605 4.97192 5.36835 1555.85 44.8318 
139.166 3.05359 2.96906 1586.63 33.3127 
132.77 0.962524 3.3371 1575.07 25.3384 
105.85 1.08246 2.96936 1552.29 48.4189 
107.843 0.467224 2.5592 1574.96 24.0256 
122.925 3.19427 2.09045 1595.68 44.2569 
141.222 2.46822 3.75879 1576.52 30.3816 
122.074 0.562825 3.55513 1594.17 22.5638 
139.471 1.26561 3.14507 1565.25 21.3824 
122.22 3.89069 2.13619 1595.3 46.1924 
111.508 1.88313 2.22756 1574.86 41.9154 
139.471 1.26561 3.14507 1565.25 21.3824 
119.835 2.2821 2.24792 1595.18 48.0536 
143.002 3.37463 2.41882 1564.48 21.5289 
146.074 9.52728 0.941162 1567.44 46.8753 
132.59 6.44257 1.61163 1567.78 30.5927 
118.152 7.9776 0.656128 1593.38 25.376 
144.76 4.66797 3.62427 1588.19 21.1032 
116.389 0.98092 3.38976 1573.19 35.0924 
134.012 5.34821 2.01752 1583.82 44.7028 
122.925 3.19427 2.09045 1595.68 44.2569 
133.32 1.69221 3.70746 1573.88 30.6651 
121.291 0.428772 3.54797 1597.54 20.1511 
102.879 3.66577 1.19385 1563.61 41.8234 
145.399 4.32922 2.57477 1579.29 31.5594 
119.835 2.2821 2.24792 1595.18 48.0536 
116.563 4.97383 1.34533 1568.13 38.0143 
127.885 0.37262 3.53271 1552.75 42.814 
126.782 0.0393677 4.46777 1560.47 27.3663 
132.77 0.962524 3.3371 1575.07 25.3384 
130.583 0.98999 4.14795 1593.89 35.8102 
113.235 2.1018 2.34493 1575.87 41.6157 
147.66 4.05579 2.79572 1578.44 40.4666 
147.086 3.35571 2.72125 1593.17 23.6319 
128.729 3.57411 2.97117 1583.24 30.741 
121.098 4.49223 2.29751 1582.93 33.3063 
112.849 4.31671 1.82831 1553 39.9942 
149.873 7.72491 2.04407 1558.53 31.6473 
112.849 4.31671 1.82831 1553 39.9942 
107.843 0.467224 2.5592 1574.96 24.0256 
143.712 5.47002 2.06375 1589.68 36.7848 
143.712 5.47002 2.06375 1589.68 36.7848 
112.849 4.31671 1.82831 1553 39.9942 
118.513 1.37665 3.34961 1553.52 47.1591 
129.42 2.16217 2.79297 1578.03 46.2317 
128.003 4.8407 1.95953 1592.22 30.188 
130.679 3.01147 2.63794 1586.36 35.0476 
145.399 4.32922 2.57477 1579.29 31.5594 
143.924 0.607897 3.83808 1569.91 30.7833 
111.514 1.8811 2.2287 1574.84 41.9287 
131.439 4.01703 3.32001 1574.44 37.7356 
127.885 0.37262 3.53271 1552.75 42.814 
103.757 2.64116 2.86386 1572.63 23.4683 
142.024 4.58557 2.40662 1552.95 31.6574 
130.679 3.01147 2.63794 1586.36 35.0476 
143.283 0.880432 4.40643 1554.15 28.3377 
115.128 0.507202 3.61786 1550.27 23.3929 
113.098 0.879974 2.61613 1575.71 29.4332 
118.437 1.0376 3.40515 1573.81 35.5072 
122.636 0.507507 3.23944 1589.52 37.0993 
139.471 1.26561 3.14507 1565.25 21.3824 
102.454 3.86169 1.16638 1599.91 42.197 
122.925 3.19427 2.09045 1595.68 44.2569 
145.399 4.32922 2.57477 1579.29 31.5594 
145.026 5.95909 1.67143 1577.69 43.1076 
138.309 2.82745 3.66211 1559.13 24.0182 
127.719 0.398596 4.45538 1556.96 30.3408 
113.467 1.75206 2.38578 1575.64 40.9877 
137.422 0.409162 4.31613 1585.51 29.9155 
116.33 6.42939 0.767124 1555.16 36.5439 
130.679 3.01147 2.63794 1586.36 35.0476 
136.39 3.36248 2.57058 1577.6 35.6523 
132.77 0.962524 3.3371 1575.07 25.3384 
109.668 2.33917 2.08527 1594.29 46.3919 
141.295 4.61691 2.42144 1574.41 42.9282 
143.924 0.607897 3.83808 1569.91 30.7833 
142.024 4.58557 2.40662 1552.95 31.6574 
122.636 0.507507 3.23944 1589.52 37.0993 
112.291 1.03546 2.66663 1573.31 38.2025 
122.074 0.562825 3.55513 1594.17 22.5638 
122.925 3.19427 2.09045 1595.68 44.2569 
118.433 5.32902 2.34762 1577.99 35.0727 
112.981 1.31195 2.35901 1556.22 28.0594 
131.43 7.0421 1.24601 1587.43 27.1709 
133.707 5.22919 3.69263 1582.77 44.3283 
128.611 5.54367 1.89787 1589.9 35.5099 
131.439 4.01703 3.32001 1574.44 37.7356 
137.81 1.52771 4.04724 1580.72 41.503 
142.997 2.27267 3.41441 1591.8 34.3953 
146.671 3.508 2.78381 1556 41.925 
139.148 0.568237 4.61639 1592.08 41.8051 
141.358 6.2581 1.66223 1588.13 28.1988 
119.835 2.2821 2.24792 1595.18 48.0536 
128.523 1.65999 2.75574 1575.92 30.5698 
122.925 3.19427 2.09045 1595.68 44.2569 
112.894 4.00235 2.41302 1567.31 47.4093 
109.668 2.33917 2.08527 1594.29 46.3919 
145.399 4.32922 2.57477 1579.29 31.5594 
117.661 2.34436 2.28119 1593.97 46.8643 
145.399 4.32922 2.57477 1579.29 31.5594 
122.677 2.77781 2.29622 1589.44 38.6489 
142.024 4.58557 2.40662 1552.95 31.6574 
117.661 2.34436 2.28119 1593.97 46.8643 
141.358 6.2581 1.66223 1588.13 28.1988 
132.59 6.44257 1.61163 1567.78 30.5927 
137.81 1.52771 4.04724 1580.72 41.503 
108.284 4.28153 1.14236 1595.17 25.708 
148.233 5.19077 2.71405 1590.81 39.0102 
108.02 1.27808 3.88062 1551.28 39.2242 
119.835 2.2821 2.24792 1595.18 48.0536 
149.164 0.977859 4.6522 1586.7 30.9765 
142.357 0.213623 4.10522 1557.77 42.1933 
122.636 0.507507 3.23944 1589.52 37.0993 
147.314 5.25726 2.69623 1581.4 25.1956 
118.513 1.37665 3.34961 1553.52 47.1591 
129.055 2.64549 3.46278 1563.33 40.4888 
128.003 4.8407 1.95953 1592.22 30.188 
106.283 3.04285 1.63947 1555.75 37.1434 
109.79 5.84341 0.386239 1570.91 32.8226 
148.233 5.19077 2.71405 1590.81 39.0102 
117.661 2.34436 2.28119 1593.97 46.8643 
145.716 6.76902 1.80801 1573.73 38.7482 
112.981 1.31195 2.35901 1556.22 28.0594 
117.098 5.99174 2.06318 1589 29.6533 
142.357 0.213623 4.10522 1557.77 42.1933 
110.231 1.97723 1.92902 1559.98 48.7027 
122.925 3.19427 2.09045 1595.68 44.2569 
123.743 4.20201 2.56429 1590.55 32.5795 
117.661 2.34436 2.28119 1593.97 46.8643 
149.873 7.72491 2.04407 1558.53 31.6473 
118.437 1.0376 3.40515 1573.81 35.5072 
139.148 0.568237 4.61639 1592.08 41.8051 
118.05 3.79883 1.59515 1568 34.8535 
112.291 1.03546 2.66663 1573.31 38.2025 
129.42 2.16217 2.79297 1578.03 46.2317 
126.884 2.69417 2.50121 1590.57 25.3291 
106.656 0.171814 2.55676 1572 49.1605 
140.944 9.70032 0.466309 1553.98 23.9944 
109.668 2.33917 2.08527 1594.29 46.3919 
127.719 0.398596 4.45538 1556.96 30.3408 
132.572 1.93552 3.6968 1563.35 34.6549 
122.636 0.507507 3.23944 1589.52 37.0993 
145.973 1.76788 3.65509 1595.55 33.7439 
110.231 1.97723 1.92902 1559.98 48.7027 
102.879 3.66577 1.19385 1563.61 41.8234 
131.859 0.161743 4.32159 1585.45 29.3915 
132.77 0.962524 3.3371 1575.07 25.3384 
110.396 0.873413 3.17261 1573.59 38.8736 
129.42 2.16217 2.79297 1578.03 46.2317 
118.437 1.0376 3.40515 1573.81 35.5072 
117.661 2.34436 2.28119 1593.97 46.8643 
106.122 2.28638 1.88995 1593.11 42.8983 
112.981 1.31195 2.35901 1556.22 28.0594 
131.439 4.01703 3.32001 1574.44 37.7356 
122.677 2.77781 2.29622 1589.44 38.6489 
128.003 4.8407 1.95953 1592.22 30.188 
145.973 1.76788 3.65509 1595.55 33.7439 
131.439 4.01703 3.32001 1574.44 37.7356 
134.362 1.82953 3.29326 1573.4 40.525 
142.357 0.213623 4.10522 1557.77 42.1933 
112.291 1.03546 2.66663 1573.31 38.2025 
113.235 2.1018 2.34493 1575.87 41.6157 
144.557 9.62006 1.34674 1577.62 41.557 
148.764 6.17615 2.15271 1592.68 23.8525 
115.262 4.75098 1.34949 1575.78 25.6168 
148.396 0.577393 4.1803 1567.19 30.7565 
106.106 1.24201 2.88626 1555.62 47.3891 
146.671 3.508 2.78381 1556 41.925 
132.59 6.44257 1.61163 1567.78 30.5927 
149.873 7.72491 2.04407 1558.53 31.6473 
146.671 3.508 2.78381 1556 41.925 
128.003 4.8407 1.95953 1592.22 30.188 
121.141 0.769043 3.94501 1587.8 43.0109 
141.498 8.86017 0.637207 1569.74 38.1082 
123.352 6.82922 0.4245 1593.39 32.1399 
136.571 3.30078 3.47687 1575.49 47.3431 
119.835 2.2821 2.24792 1595.18 48.0536 
126.754 3.62334 3.13177 1594.71 32.2298 
122.925 3.19427 2.09045 1595.68 44.2569 
117.098 5.99174 2.06318 1589 29.6533 
116.399 4.78806 1.76189 1558.52 37.9089 
122.925 3.19427 2.09045 1595.68 44.2569 
130.679 3.01147 2.63794 1586.36 35.0476 
140.104 3.85435 2.71516 1572.04 30.1544 
118.437 1.0376 3.40515 1573.81 35.5072 
122.677 2.77781 2.29622 1589.44 38.6489 
147.261 8.48114 0.767822 1559.38 24.1336 
125.705 1.4119 3.4481 1569.77 27.5868 
102.879 3.66577 1.19385 1563.61 41.8234 
146.671 3.508 2.78381 1556 41.925 
110.396 0.873413 3.17261 1573.59 38.8736 
121.141 0.769043 3.94501 1587.8 43.0109 
122.677 2.77781 2.29622 1589.44 38.6489 
106.656 0.171814 2.55676 1572 49.1605 
102.454 3.86169 1.16638 1599.91 42.197 
114.975 3.51013 1.8219 1579.81 36.1115 
122.636 0.507507 3.23944 1589.52 37.0993 
127.885 0.37262 3.53271 1552.75 42.814 
148.05 0.988464 4.54498 1554.66 35.6216 
126.782 0.0393677 4.46777 1560.47 27.3663 
144.511 8.33788 1.60343 1557.62 33.8065 
109.668 2.33917 2.08527 1594.29 46.5082 
137.059 0.317688 4.2804 1553.86 25.6845 
146.746 8.42775 1.35655 1568.65 31.7115 
118.472 4.01089 1.66462 1568.02 34.9554 
137.405 6.0379 2.81586 1563.16 35.7507 
117.098 5.99174 2.06318 1589 29.6533 
108.577 5.94574 0.221863 1570.71 32.5473 
125.68 6.06759 1.49303 1565.24 48.2414 
117.661 2.34436 2.28119 1593.97 46.8643 
130.325 5.82214 1.32355 1575.63 31.7627 
128.375 5.63568 1.93298 1590.44 37.5497 
118.472 4.01089 1.66462 1568.02 34.9554 
132.59 6.44257 1.61163 1567.78 30.5927 
140.015 4.84463 2.31998 1587.71 37.8601 
117.494 3.7381 3.71033 1596 47.2516 
109.668 2.33917 2.08527 1594.29 46.3919 
122.925 3.19427 2.09045 1595.68 44.2569 
115.176 2.95571 1.87369 1571.01 37.9641 
130.679 3.01147 2.63794 1586.36 35.0476 
122.677 2.77781 2.29622 1589.44 38.6489 
145.973 1.76788 3.65509 1595.55 33.7439 
139.674 1.92158 3.35228 1583.99 34.1497 
122.638 5.60915 2.21528 1558.23 23.7635 
146.074 9.52728 0.941162 1567.44 46.8753 
141.066 8.85712 0.450439 1565.2 32.9794 
123.629 0.680192 3.99256 1564.39 32.6175 
130.294 2.82494 2.53846 1585.72 34.6676 
143.924 0.607897 3.83808 1569.91 30.7833 
147.261 8.48114 0.767822 1559.38 24.1336 
129.42 2.16217 2.79297 1578.03 46.2317 
116.005 4.62799 1.3797 1595.97 29.1223 
118.437 1.0376 3.40515 1573.81 35.5072 
146.671 3.508 2.78381 1556 41.925 
114.685 3.59528 1.41541 1569.39 43.4018 
134.012 5.34821 2.01752 1583.82 44.7028 
118.513 1.37665 3.34961 1553.52 47.1591 
122.677 2.77781 2.29622 1589.44 38.6489 
109.475 3.33231 1.9711 1565.26 37.7078 
134.362 1.82953 3.29326 1573.4 40.525 
142.024 4.58557 2.40662 1552.95 31.6574 
129.282 3.18934 3.86985 1582.05 35.5058 
122.677 2.77781 2.29622 1589.44 38.6489 
132.799 2.45875 3.49153 1571.34 39.4279 
133.73 6.26404 1.81183 1552.08 23.5834 
131.439 4.01703 3.32001 1574.44 37.7356 
118.437 1.0376 3.40515 1573.81 35.5072 
149.95 3.47382 2.99896 1587.38 22.8024 
119.18 0.276184 2.88818 1579.84 46.5155 
119.715 1.24696 3.4372 1552.82 44.5255 
123.352 6.82922 0.4245 1593.39 32.1399 
119.591 3.0846 2.03638 1582.71 48.5723 
141.295 4.61691 2.42144 1574.41 42.9282 
145.105 2.17792 3.97734 1558.34 35.5628 
128.003 4.8407 1.95953 1592.22 30.188 
141.295 4.61691 2.42144 1574.41 42.9282 
133.422 1.17596 3.05852 1586.19 37.9742 
109.262 3.46893 2.72186 1599.09 42.4185 
132.072 0.272522 3.20129 1565.42 24.3488 
138.281 0.305331 4.26201 1586.36 29.7806 
147.371 3.88259 2.8049 1577.58 39.3535 
128.375 5.63568 1.93298 1590.44 37.5497 
127.885 0.37262 3.53271 1552.75 42.814 
128.996 2.20349 2.75325 1577.79 46.1501 
119.835 2.2821 2.24792 1595.18 48.0536 
118.066 1.5155 2.25098 1571.26 44.0857 
125.014 5.01446 5.01446 1575.01 35.0145 
107.843 0.467224 2.5592 1574.96 24.0256 
133.707 5.22919 3.69263 1582.77 44.3283 
145.25 4.29718 2.95868 1579.93 44.6021 
117.661 2.34436 2.28119 1593.97 46.8643 
113.467 1.75206 2.38578 1575.64 40.9877 
119.835 2.2821 2.24792 1595.18 48.0536 
122.636 0.507507 3.23944 1589.52 37.0993 
122.636 0.507507 3.23944 1589.52 37.0993 
123.814 3.33593 2.41752 1572.24 35.4599 
131.439 4.01703 3.32001 1574.44 37.7356 
142.997 2.27267 3.41441 1591.8 34.3953 
146.496 3.07214 3.00205 1565.91 39.8759 
136.678 7.38373 1.16882 1575.25 24.8523 
107.843 0.467224 2.5592 1574.96 24.0256 
131.859 0.161743 4.32159 1585.45 29.3915 
112.291 1.03546 2.66663 1573.31 38.2025 
113.235 2.1018 2.34493 1575.87 41.6157 
122.925 3.19427 2.09045 1595.68 44.2569 
123.352 6.82922 0.4245 1593.39 32.1399 
143.166 5.17952 2.29562 1585.71 37.3763 
142.332 9.41986 0.386047 1582.94 31.8021 
147.66 4.05579 2.79572 1578.44 40.4666 
143.712 5.47002 2.06375 1589.68 36.7848 
111.925 5.59387 0.927429 1596.1 46.814 
112.959 6.80267 0.0494385 1569.49 28.7314 
149.164 0.977859 4.6522 1586.7 30.9765 
149.164 0.977859 4.6522 1586.7 30.9765 
122.925 3.19427 2.09045 1595.68 44.2569 
122.636 0.507507 3.23944 1589.52 37.0993 
118.472 4.01089 1.66462 1568.02 34.9554 
128.003 4.8407 1.95953 1592.22 30.188 
126.74 2.43408 2.95837 1556.24 38.4836 
135.052 1.5402 3.86922 1581.01 31.687 
121.191 0.861511 3.6087 1564.12 25.6671 
115.262 4.75098 1.34949 1575.78 25.6168 
115.262 4.75098 1.34949 1575.78 25.6168 
135.251 4.87443 2.58059 1576.03 30.4275 
123.352 6.82922 0.4245 1593.39 32.1399 
110.231 1.97723 1.92902 1559.98 48.7027 
109.668 2.33917 2.08527 1594.29 46.3919 
112.291 1.03546 2.66663 1573.31 38.2025 
127.885 0.37262 3.53271 1552.75 42.814 
111.514 1.8811 2.2287 1574.84 41.9287 
140.511 0.354614 3.93127 1571.42 46.1768 
112.291 1.03546 2.66663 1573.31 38.2025 
132.149 2.3111 3.49243 1552.79 23.8406 
142.024 4.58557 2.40662 1552.95 31.6574 
112.981 1.31195 2.35901 1556.22 28.0594 
142.594 6.17869 1.90891 1562.97 38.3645 
115.176 2.95571 1.87369 1571.01 37.9641 
118.05 3.79883 1.59515 1568 34.8535 
106.656 0.171814 2.55676 1572 49.1605 
122.925 3.19427 2.09045 1595.68 44.2569 
123.352 6.82922 0.4245 1593.39 32.1399 
138.598 3.18816 2.64422 1582.72 35.8357 
134.245 6.79626 1.19598 1594.02 43.9063 
139.674 1.92158 3.35228 1583.99 34.1497 
128.633 0.372254 4.10133 1582.65 30.8614 
112.825 2.69348 2.08008 1561.47 45.3839 
127.61 0.82453 3.43964 1555.18 42.7765 
129.198 0.764465 4.07013 1565.26 34.957 
132.59 6.44257 1.61163 1567.78 30.5927 
125.489 5.91544 1.12989 1592.85 31.2429 
128.003 4.8407 1.95953 1592.22 30.188 
142.357 0.213623 4.10522 1557.77 42.1933 
132.59 6.44257 1.61163 1567.78 30.5927 
145.973 1.76788 3.65509 1595.55 33.7439 
137.697 0.85907 3.26935 1584.08 35.563 
119.715 1.24696 3.4372 1552.82 44.5255 
102.454 3.86169 1.16638 1599.91 42.197 
102.068 6.41327 0.345154 1577.82 36.3339 
134.012 5.34821 2.01752 1583.82 44.7028 
110.396 0.873413 3.17261 1573.59 38.8736 
116.005 4.62799 1.3797 1595.97 29.1223 
128.478 4.74322 1.75267 1585.03 21.4844 
107.843 0.467224 2.5592 1574.96 24.0256 
137.059 0.317688 4.2804 1553.86 25.6845 
139.674 1.92158 3.35228 1583.99 34.1497 
121.191 0.861511 3.6087 1564.12 25.6671 
132.554 6.11603 1.28952 1597.25 41.5689 
142.115 1.73577 3.97462 1557.59 34.7684 
137.546 1.57168 3.01391 1564.86 22.3019 
118.513 1.37665 3.34961 1553.52 47.1591 
115.176 2.95571 1.87369 1571.01 37.9641 
109.668 2.33917 2.08527 1594.29 46.3919 
102.454 3.86169 1.16638 1599.91 42.197 
130.294 2.82494 2.53846 1585.72 34.6676 
138.598 3.18816 2.64422 1582.72 35.8357 
112.291 1.03546 2.66663 1573.31 38.2025 
139.389 1.29154 3.14155 1565.27 21.4568 
148.05 0.988464 4.54498 1554.66 35.6216 
120.557 6.30035 1.09619 1585.05 20.575 
134.245 6.79626 1.19598 1594.02 43.9063 
129.42 2.16217 2.79297 1578.03 46.2317 
149.873 7.72491 2.04407 1558.53 31.6473 
112.981 1.31195 2.35901 1556.22 28.0594 
121.819 4.14365 2.6415 1575.21 26.2514 
117.661 2.34436 2.28119 1593.97 46.8643 
116.309 3.19397 4.91821 1597.08 47.6306 
134.907 1.5136 3.91242 1553.74 40.3833 
121.455 4.13582 1.46715 1571.77 48.1714 
113.467 1.75206 2.38578 1575.64 40.9877 
134.012 5.34821 2.01752 1583.82 44.7028 
119.835 2.2821 2.24792 1595.18 48.0536 
137.422 0.409162 4.31613 1585.51 29.9155 
145.938 2.75879 2.72888 1579.39 40.7349 
148.05 0.988464 4.54498 1554.66 35.6216 
139.674 1.92158 3.35228 1583.99 34.1497 
139.122 5.63568 1.93298 1590.44 37.5497 
133.305 5.5545 1.3739 1579.03 31.0211 
114.975 3.51013 1.8219 1579.81 36.1115 
117.661 2.34436 2.28119 1593.97 46.8643 
145.852 3.83162 2.8741 1579.07 40.6401 
147.314 5.25726 2.69623 1581.4 25.1956 
145.25 4.29718 2.95868 1579.93 44.6021 
139.674 1.92158 3.35228 1583.99 34.1497 
145.026 5.95909 1.67143 1577.69 43.1076 
134.362 1.82953 3.29326 1573.4 40.525 
133.73 6.26404 1.81183 1552.08 23.5834 
118.824 4.23685 1.73295 1570 35.8569 
135.332 5.88684 1.96716 1577.74 37.9764 
144.162 5.49652 2.40448 1597.35 33.2861 
136.39 3.36248 2.57058 1577.6 35.6523 
144.933 4.78058 3.28156 1583.73 33.8098 
128.611 5.54367 1.89787 1589.9 35.5099 
103.212 3.63421 1.32213 1563.9 41.2884 
127.413 1.25968 3.7098 1553.86 43.6826 
102.454 3.86169 1.16638 1599.91 42.197 
109.668 2.33917 2.08527 1594.29 46.3919 
125.176 1.94996 2.83924 1559.92 29.5385 
131.439 4.01703 3.32001 1574.44 37.7356 
145.399 4.32922 2.57477 1579.29 31.5594 
145.399 4.32922 2.57477 1579.29 31.5594 
109.668 2.33917 2.08527 1594.29 46.3919 
109.346 6.14441 0.427551 1563.85 36.8292 
118.437 1.0376 3.40515 1573.81 35.5072 
109.262 3.46893 2.72186 1599.09 42.4185 
121.191 0.861511 3.6087 1564.12 25.6671 
113.333 4.44244 1.15356 1578.31 22.818 
109.475 3.33231 1.9711 1565.26 37.7078 
138.281 0.305331 4.26201 1586.36 29.7806 
143.973 4.04698 2.91489 1577.53 39.8458 
107.843 0.467224 2.5592 1574.96 24.0256 
129.42 2.16217 2.79297 1578.03 46.2317 
131.439 4.01703 3.32001 1574.44 37.7356 
139.674 1.92158 3.35228 1583.99 34.1497 
142.024 4.58557 2.40662 1552.95 31.6574 
122.677 2.77781 2.29622 1589.44 38.6489 
117.503 2.72736 3.43658 1569.54 39.1528 
137.81 1.52771 4.04724 1580.72 41.503 
149.95 3.47382 2.99896 1587.38 22.8024 
139.471 1.26561 3.14507 1565.25 21.3824 
128.523 1.65999 2.75574 1575.92 30.5698 
147.371 3.88259 2.8049 1577.58 39.3535 
112.291 1.03546 2.66663 1573.31 38.2025 
106.283 3.04285 1.63947 1555.75 37.1434 
142.235 2.19214 3.40016 1590.01 34.339 
132.149 2.3111 3.49243 1552.79 23.8406 
149.95 3.47382 2.99896 1587.38 22.8024 
133.73 6.26404 1.81183 1552.08 23.5834 
109.346 6.14441 0.427551 1563.85 36.8292 
123.116 4.65607 1.62109 1564.34 43.0704 
145.026 5.95909 1.67143 1577.69 43.1076 
149.95 3.47382 2.99896 1587.38 22.8024 
139.408 5.5215 2.02332 1580.01 36.3484 
118.513 1.37665 3.34961 1553.52 47.1591 
112.981 1.31195 2.35901 1556.22 28.0594 
115.262 4.75098 1.34949 1575.78 25.6168 
130.583 0.98999 4.14795 1593.89 35.8102 
137.557 0.774376 4.14964 1585.67 29.874 
118.513 1.37665 3.34961 1553.52 47.1591 
112.825 2.69348 2.08008 1561.47 45.3839 
139.148 0.568237 4.61639 1592.08 41.8051 
146.034 9.05792 1.48895 1582.21 35.7535 
149.873 7.72491 2.04407 1558.53 31.6473 
118.05 3.79883 1.59515 1568 34.8535 
132.77 0.962524 3.3371 1575.07 25.3384 
129.198 0.764465 4.07013 1565.26 34.957 
119.835 2.2821 2.24792 1595.18 48.0536 
122.677 2.77781 2.29622 1589.44 38.6489 
110.396 0.873413 3.17261 1573.59 38.8736 
133.73 6.26404 1.81183 1552.08 23.5834 
143.283 0.880432 4.40643 1554.15 28.3377 
132.77 0.962524 3.3371 1575.07 25.3384 
106.343 2.94403 1.52039 1577.83 42.0844 
144.183 9.97223 0.733337 1592.79 25.7678 
115.775 0.452257 3.14873 1565.38 46.2651 
133.73 6.26404 1.81183 1552.08 23.5834 
143.712 5.47002 2.06375 1589.68 36.7848 
139.674 1.92158 3.35228 1583.99 34.1497 
123.352 6.82922 0.4245 1593.39 32.1399 
127.257 2.59038 5.62857 1560.8 37.1335 
132.59 6.44257 1.61163 1567.78 30.5927 
148.05 0.988464 4.54498 1554.66 35.6216 
145.105 2.17792 3.97734 1558.34 35.5628 
127.435 6.95253 0.773402 1592.61 39.6835 
137.306 4.22118 2.5435 1591.92 22.3795 
125.18 4.26514 3.25623 1563.86 49.8938 
124.609 6.08765 1.44043 1563.85 49.3802 
102.879 3.66577 1.19385 1563.61 41.8234 
148.233 5.19077 2.71405 1590.81 39.0102 
112.291 1.03546 2.66663 1573.31 38.2025 
112.21 2.13525 2.18216 1561.94 29.3793 
139.148 0.568237 4.61639 1592.08 41.8051 
118.437 1.0376 3.40515 1573.81 35.5072 
143.924 0.607897 3.83808 1569.91 30.7833 
143.712 5.47002 2.06375 1589.68 36.7848 
139.122 5.63568 1.93298 1590.44 37.5497 
147.66 4.05579 2.79572 1578.44 40.4666 
112.981 1.31195 2.35901 1556.22 28.0594 
110.724 0.990589 3.12917 1573.22 38.7136 
145.973 1.76788 3.65509 1595.55 33.7439 
113.596 2.03896 2.39435 1576.62 40.8377 
139.471 1.26561 3.14507 1565.25 21.3824 
143.166 5.17952 2.29562 1585.71 37.3763 
113.235 2.1018 2.34493 1575.87 41.6157 
145.973 1.76788 3.65509 1595.55 33.7439 
122.925 3.19427 2.09045 1595.68 44.2569 
132.77 0.962524 3.3371 1575.07 25.3384 
103.694 4.36707 2.01935 1584.81 28.7103 
109.668 2.33917 2.08527 1594.29 46.3919 
120.557 6.30035 1.09619 1585.05 20.575 
135.538 0.984802 4.41223 1598.94 47.5629 
123.352 6.82922 0.4245 1593.39 32.1399 
122.925 3.19427 2.09045 1595.68 44.2569 
107.843 0.467224 2.5592 1574.96 24.0256 
102.454 3.86169 1.16638 1599.91 42.197 
146.671 3.508 2.78381 1556 41.925 
145.026 5.95909 1.67143 1577.69 43.1076 
131.859 0.161743 4.32159 1585.45 29.3915 
113.596 2.03896 2.39435 1576.62 40.8377 
119.715 1.24696 3.4372 1552.82 44.5255 
107.843 0.467224 2.5592 1574.96 24.0256 
118.927 0.4755 3.78925 1568.97 40.7429 
110.231 1.97723 1.92902 1559.98 48.7027 
122.677 2.77781 2.29622 1589.44 38.6489 
145.973 1.76788 3.65509 1595.55 33.7439 
113.235 2.1018 2.34493 1575.87 41.6157 
139.122 5.63568 1.93298 1590.44 37.5497 
148.396 0.577393 4.1803 1567.19 30.7565 
123.743 4.20201 2.56429 1590.55 32.5795 
148.233 5.19077 2.71405 1590.81 39.0102 
148.764 6.17615 2.15271 1592.68 23.8525 
122.925 3.19427 2.09045 1595.68 44.2569 
144.76 4.66797 3.62427 1588.19 21.1032 
118.824 4.23685 1.73295 1570 35.8569 
137.405 6.0379 2.81586 1563.16 35.7507 
122.074 0.562825 3.55513 1594.17 22.5638 
122.677 2.77781 2.29622 1589.44 38.6489 
131.439 4.01703 3.32001 1574.44 37.7356 
113.467 1.75206 2.38578 1575.64 40.9877 
135.332 5.88684 1.96716 1577.74 37.9764 
112.291 1.03546 2.66663 1573.31 38.2025 
115.262 4.75098 1.34949 1575.78 25.6168 
109.668 2.33917 2.08527 1594.29 46.3919 
117.661 2.34436 2.28119 1593.97 46.8643 
107.843 0.467224 2.5592 1574.96 24.0256 
136.39 3.36248 2.57058 1577.6 35.6523 
142.024 4.58557 2.40662 1552.95 31.6574 
106.283 3.04285 1.63947 1555.75 37.1434 
146.074 9.52728 0.941162 1567.44 46.8753 
122.677 2.77781 2.29622 1589.44 38.6489 
113.098 0.879974 2.61613 1575.71 29.4332 
130.679 3.01147 2.63794 1586.36 35.0476 
137.059 0.317688 4.2804 1553.86 25.6845 
149.95 3.47382 2.99896 1587.38 22.8024 
145.716 6.76902 1.80801 1573.73 38.7482 
123.612 5.36238 1.50546 1564.93 29.1351 
135.97 5.23457 1.96985 1581.12 42.2065 
139.674 1.92158 3.35228 1583.99 34.1497 
143.712 5.47002 2.06375 1589.68 36.7848 
110.231 1.97723 1.92902 1559.98 48.7027 
109.668 2.33917 2.08527 1594.29 46.3919 
115.128 0.507202 3.61786 1550.27 23.3929 
125.68 6.06759 1.49303 1565.24 48.2414 
132.149 2.3111 3.49243 1552.79 23.8406 
138.3 5.94525 2.95726 1566.68 34.3074 
107.843 0.467224 2.5592 1574.96 24.0256 
131.439 4.01703 3.32001 1574.44 37.7356 
127.413 1.25968 3.7098 1553.86 43.6826 
139.775 6.77094 1.41602 1588.27 29.1928 
138.742 9.84802 0.538025 1554.07 35.7397 
123.352 6.82922 0.4245 1593.39 32.1399 
116.634 4.72069 1.52273 1555.18 36.9861 
146.496 3.07214 3.00205 1565.91 39.8759 
118.513 1.37665 3.34961 1553.52 47.1591 
148.233 5.19077 2.71405 1590.81 39.0102 
139.148 0.568237 4.61639 1592.08 41.8051 
122.677 2.77781 2.29622 1589.44 38.6489 
116.472 2.35088 2.12209 1558.77 37.7001 
149.95 3.47382 2.99896 1587.38 22.8024 
147.66 4.05579 2.79572 1578.44 40.4666 
145.399 4.32922 2.57477 1579.29 31.5594 
138.309 2.82745 3.66211 1559.13 24.0182 
112.825 2.69348 2.08008 1561.47 45.3839 
119.835 2.2821 2.24792 1595.18 48.0536 
138.309 2.82745 3.66211 1559.13 24.0182 
129.42 2.16217 2.79297 1578.03 46.2317 
122.677 2.77781 2.29622 1589.44 38.6489 
145.399 4.32922 2.57477 1579.29 31.5594 
132.072 0.272522 3.20129 1565.42 24.3488 
139.544 5.18083 1.80512 1582.42 41.921 
133.422 1.17596 3.05852 1586.19 37.9742 
128.003 4.8407 1.95953 1592.22 30.188 
123.116 4.65607 1.62109 1564.34 43.0704 
127.885 0.37262 3.53271 1552.75 42.814 
136.678 7.38373 1.16882 1575.25 24.8523 
122.925 3.19427 2.09045 1595.68 44.2569 
102.454 3.86169 1.16638 1599.91 42.197 
117.661 2.34436 2.28119 1593.97 46.8643 
140.015 4.84463 2.31998 1587.71 37.8601 
143.924 0.607897 3.83808 1569.91 30.7833 
134.362 1.82953 3.29326 1573.4 40.525 
100.018 2.03461 3.31696 1565.51 21.7422 
148.233 5.19077 2.71405 1590.81 39.0102 
139.674 1.92158 3.35228 1583.99 34.1497 
148.05 0.988464 4.54498 1554.66 35.6216 
143.924 0.607897 3.83808 1569.91 30.7833 
117.661 2.34436 2.28119 1593.97 46.8643 
109.668 2.33917 2.08527 1594.29 46.3919 
119.18 0.276184 2.88818 1579.84 46.5155 
122.677 2.77781 2.29622 1589.44 38.6489 
146.671 3.508 2.78381 1556 41.925 
148.233 5.19077 2.71405 1590.81 39.0102 
124.399 3.96431 2.17714 1576.16 32.8528 
142.92 2.26296 3.36786 1555.17 35.5871 
131.253 0.635398 4.24209 1569.31 33.6295 
139.471 1.26561 3.14507 1565.25 21.3824 
114.685 3.59528 1.41541 1569.39 43.4018 
122.925 3.19427 2.09045 1595.68 44.2569 
122.677 2.77781 2.29622 1589.44 38.6489 
120.271 3.75059 1.96534 1582.66 47.8094 
143.924 0.607897 3.83808 1569.91 30.7833 
143.166 5.17952 2.29562 1585.71 37.3763 
112.825 2.69348 2.08008 1561.47 45.3839 
140.511 0.354614 3.93127 1571.42 46.1768 
138.643 3.40836 2.85639 1564.08 44.2798 
147.261 8.48114 0.767822 1559.38 24.1336 
147.66 4.05579 2.79572 1578.44 40.4666 
149.95 3.47382 2.99896 1587.38 22.8024 
120.063 2.01823 2.54389 1593.89 47.1742 
142.024 4.58557 2.40662 1552.95 31.6574 
139.166 3.05359 2.96906 1586.63 33.3127 
105.692 0.684814 3.30933 1569.91 32.9254 
122.677 2.77781 2.29622 1589.44 38.6489 
132.77 0.962524 3.3371 1575.07 25.3384 
112.849 4.31671 1.82831 1553 39.9942 
149.164 0.977859 4.6522 1586.7 30.9765 
131.859 0.161743 4.32159 1585.45 29.3915 
127.557 0.639038 3.76221 1590.34 24.6262 
139.674 1.92158 3.35228 1583.99 34.1497 
138.309 2.82745 3.66211 1559.13 24.0182 
131.859 0.161743 4.32159 1585.45 29.3915 
149.164 0.977859 4.6522 1586.7 30.9765 
130.583 0.98999 4.14795 1593.89 35.8102 
116.005 4.62799 1.3797 1595.97 29.1223 
111.952 2.55127 4.06799 1589.75 28.1738 
122.909 1.0683 3.02206 1580.99 34.1567 
122.677 2.77781 2.29622 1589.44 38.6489 
144.048 4.06523 2.95456 1591.1 33.2133 
132.473 1.95303 2.92327 1583.13 38.4861 
123.352 6.82922 0.4245 1593.39 32.1399 
102.454 3.86169 1.16638 1599.91 42.197 
136.808 9.41666 0.541306 1559.45 26.5623 
123.996 0.891724 3.57269 1585.9 28.4833 
133.508 6.54968 2.66479 1581.12 44.5755 
149.95 3.47382 2.99896 1587.38 22.8024 
139.408 5.5215 2.02332 1580.01 36.3484 
128.003 4.8407 1.95953 1592.22 30.188 
141.388 5.59021 2.78778 1567.36 21.6241 
116.005 4.62799 1.3797 1595.97 29.1223 
130.679 3.01147 2.63794 1586.36 35.0476 
148.764 6.17615 2.15271 1592.68 23.8525 
110.231 1.97723 1.92902 1559.98 48.7027 
118.437 1.0376 3.40515 1573.81 35.5072 
109.262 3.46893 2.72186 1599.09 42.4185 
109.668 2.33917 2.08527 1594.29 46.3919 
122.925 3.19427 2.09045 1595.68 44.2569 
112.291 1.03546 2.66663 1573.31 38.2025 
142.418 0.914612 2.96234 1562.9 20.2783 
118.513 1.37665 3.34961 1553.52 47.1591 
137.81 1.52771 4.04724 1580.72 41.503 
146.136 3.53407 2.75741 1556.19 41.9511 
145.105 2.17792 3.97734 1558.34 35.5628 
119.835 2.2821 2.24792 1595.18 48.0536 
138.873 1.94672 3.33954 1577.28 23.4689 
117.661 2.34436 2.28119 1593.97 46.8643 
149.95 3.47382 2.99896 1587.38 22.8024 
146.746 8.42775 1.35655 1568.65 31.7115 
146.746 8.42775 1.35655 1568.65 31.7115 
109.668 2.33917 2.08527 1594.29 46.3919 
129.42 2.16217 2.79297 1578.03 46.2317 
112.894 4.00235 2.41302 1567.31 47.4093 
148.233 5.19077 2.71405 1590.81 39.0102 
114.943 0.322266 3.91418 1569.69 44.4977 
131.859 0.161743 4.32159 1585.45 29.3915 
149.95 3.47382 2.99896 1587.38 22.8024 
130.981 2.00217 3.22232 1577.11 31.1114 
122.636 0.507507 3.23944 1589.52 37.0993 
142.332 9.41986 0.386047 1582.94 31.8021 
123.352 6.82922 0.4245 1593.39 32.1399 
149.164 0.977859 4.6522 1586.7 30.9765 
143.7 9.44061 1.29639 1552.26 32.0914 
132.77 0.962524 3.3371 1575.07 25.3384 
136.795 8.18146 1.24634 1585.94 31.2518 
106.656 0.171814 2.55676 1572 49.1605 
133.32 1.69221 3.70746 1573.88 30.6651 
106.283 3.04285 1.63947 1555.75 37.1434 
110.231 1.97723 1.92902 1559.98 48.7027 
149.95 3.47382 2.99896 1587.38 22.8024 
147.371 3.88259 2.8049 1577.58 39.3535 
137.422 0.409162 4.31613 1585.51 29.9155 
139.674 1.92158 3.35228 1583.99 34.1497 
119.18 0.276184 2.88818 1579.84 46.5155 
113.235 2.1018 2.34493 1575.87 41.6157 
128.298 1.45804 3.07412 1586.97 35.7214 
149.95 3.47382 2.99896 1587.38 22.8024 
148.05 0.988464 4.54498 1554.66 35.6216 
132.59 6.44257 1.61163 1567.78 30.5927 
118.513 1.37665 3.34961 1553.52 47.1591 
149.95 3.47382 2.99896 1587.38 22.8024 
137.405 6.0379 2.81586 1563.16 35.7507 
131.215 3.46977 4.03607 1566.58 34.7942 
110.231 1.97723 1.92902 1559.98 48.7027 
115.128 0.507202 3.61786 1550.27 23.3929 
131.035 4.71963 2.08851 1590.09 31.7734 
146.671 3.508 2.78381 1556 41.925 
114.685 3.59528 1.41541 1569.39 43.4018 
139.383 5.41824 3.15602 1563.02 48.1723 
146.671 3.508 2.78381 1556 41.925 
122.925 3.19427 2.09045 1595.68 44.2569 
139.674 1.92158 3.35228 1583.99 34.1497 
123.352 6.82922 0.4245 1593.39 32.1399 
119.15 0.0427246 4.17908 1554.11 39.7974 
128.478 4.74322 1.75267 1585.03 21.4844 
130.679 3.01147 2.63794 1586.36 35.0476 
125.038 2.61736 2.50623 1589.19 37.965 
145.399 4.32922 2.57477 1579.29 31.5594 
143.924 0.607897 3.83808 1569.91 30.7833 
137.531 1.14044 4.04694 1565.56 49.7775 
127.557 0.639038 3.76221 1590.34 24.6262 
145.026 5.95909 1.67143 1577.69 43.1076 
102.454 3.86169 1.16638 1599.91 42.197 
122.925 3.19427 2.09045 1595.68 44.2569 
128.729 3.57411 2.97117 1583.24 30.741 
132.77 0.962524 3.3371 1575.07 25.3384 
118.513 1.37665 3.34961 1553.52 47.1591 
123.352 6.82922 0.4245 1593.39 32.1399 
132.77 0.962524 3.3371 1575.07 25.3384 
107.843 0.467224 2.5592 1574.96 24.0256 
145.399 4.32922 2.57477 1579.29 31.5594 
132.77 0.962524 3.3371 1575.07 25.3384 
130.583 0.98999 4.14795 1593.89 35.8102 
145.399 4.32922 2.57477 1579.29 31.5594 
145.957 5.15619 3.63797 1565.42 30.3417 
122.925 3.19427 2.09045 1595.68 44.2569 
132.072 0.272522 3.20129 1565.42 24.3488 
135.023 3.909 2.45209 1556.29 49.7885 
136.795 8.18146 1.24634 1585.94 31.2518 
113.235 2.1018 2.34493 1575.87 41.6157 
122.925 3.19427 2.09045 1595.68 44.2569 
141.948 6.0265 2.57393 1567.58 35.8292 
122.909 1.0683 3.02206 1580.99 34.1567 
132.77 0.962524 3.3371 1575.07 25.3384 
127.719 0.398596 4.45538 1556.96 30.3408 
122.925 3.19427 2.09045 1595.68 44.2569 
132.77 0.962524 3.3371 1575.07 25.3384 
122.469 4.42634 2.56248 1568.18 33.9261 
112.291 1.03546 2.66663 1573.31 38.2025 
145.399 4.32922 2.57477 1579.29 31.5594 
129.42 2.16217 2.79297 1578.03 46.2317 
117.107 7.76031 0.690918 1574.36 37.8812 
132.59 6.44257 1.61163 1567.78 30.5927 
137.81 1.52771 4.04724 1580.72 41.503 
122.677 2.77781 2.29622 1589.44 38.6489 
120.271 3.75059 1.96534 1582.66 47.8094 
146.671 3.508 2.78381 1556 41.925 
142.714 1.81824 5.11383 1586.12 37.4481 
143.924 0.607897 3.83808 1569.91 30.7833 
122.003 2.75088 3.30124 1573.37 27.2198 
119.835 2.2821 2.24792 1595.18 48.0536 
139.122 5.63568 1.93298 1590.44 37.5497 
105.85 1.08246 2.96936 1552.29 48.4189 
139.148 0.568237 4.61639 1592.08 41.8051 
122.925 3.19427 2.09045 1595.68 44.2569 
118.066 1.5155 2.25098 1571.26 44.0857 
102.454 3.86169 1.16638 1599.91 42.197 
142.332 9.41986 0.386047 1582.94 31.8021 
139.122 5.63568 1.93298 1590.44 37.5497 
119.835 2.2821 2.24792 1595.18 48.0536 
130.481 9.56085 0.722656 1593.78 39.6152 
119.137 1.3639 3.74932 1576.49 43.9241 
138.385 3.86749 3.06396 1564.21 20.8011 
132.59 6.44257 1.61163 1567.78 30.5927 
112.291 1.03546 2.66663 1573.31 38.2025 
102.454 3.86169 1.16638 1599.91 42.197 
145.399 4.32922 2.57477 1579.29 31.5594 
132.072 0.272522 3.20129 1565.42 24.3488 
132.77 0.962524 3.3371 1575.07 25.3384 
142.024 4.58557 2.40662 1552.95 31.6574 
141.222 2.46822 3.75879 1576.52 30.3816 
136.39 3.36248 2.57058 1577.6 35.6523 
131.859 0.161743 4.32159 1585.45 29.3915 
130.481 9.56085 0.722656 1593.78 39.6152 
138.281 0.305331 4.26201 1586.36 29.7806 
122.925 3.19427 2.09045 1595.68 44.2569 
148.233 5.19077 2.71405 1590.81 39.0102 
148.317 1.1734 4.2572 1560.42 27.8653 
113.333 4.44244 1.15356 1578.31 22.818 
108.009 3.54614 2.4585 1559.36 47.0685 
137.154 0.796702 4.13577 1585.38 31.0758 
142.024 4.58557 2.40662 1552.95 31.6574 
137.697 0.85907 3.26935 1584.08 35.563 
112.291 1.03546 2.66663 1573.31 38.2025 
122.925 3.19427 2.09045 1595.68 44.2569 
145.105 2.17792 3.97734 1558.34 35.5628 
141.899 4.62172 2.56226 1572.81 20.6754 
139.166 3.05359 2.96906 1586.63 33.3127 
107.843 0.467224 2.5592 1574.96 24.0256 
122.925 3.19427 2.09045 1595.68 44.2569 
135.052 1.5402 3.86922 1581.01 31.687 
135.052 1.5402 3.86922 1581.01 31.687 
149.164 0.977859 4.6522 1586.7 30.9765 
112.981 1.31195 2.35901 1556.22 28.0594 
141.295 4.61691 2.42144 1574.41 42.9282 
119.835 2.2821 2.24792 1595.18 48.0536 
109.262 3.46893 2.72186 1599.09 42.4185 
145.399 4.32922 2.57477 1579.29 31.5594 
122.636 0.507507 3.23944 1589.52 37.0993 
123.612 5.36238 1.50546 1564.93 29.1351 
131.439 4.01703 3.32001 1574.44 37.7356 
110.396 0.873413 3.17261 1573.59 38.8736 
126.433 5.44595 1.50323 1576.55 42.8084 
128.46 7.04177 0.7098 1586.43 29.3465 
142.024 4.58557 2.40662 1552.95 31.6574 
143.268 7.29889 1.90033 1550.85 29.2487 
102.068 6.41327 0.345154 1577.82 36.3339 
142.357 0.213623 4.10522 1557.77 42.1933 
136.808 9.41666 0.541306 1559.45 26.5623 
148.764 6.17615 2.15271 1592.68 23.8525 
120.557 6.30035 1.09619 1585.05 20.575 
116.33 6.42939 0.767124 1555.16 36.5439 
139.471 1.26561 3.14507 1565.25 21.3824 
133.208 1.50757 6.36322 1578.48 32.6608 
123.109 6.0611 0.656433 1593.21 46.5164 
143.924 0.607897 3.83808 1569.91 30.7833 
107.843 0.467224 2.5592 1574.96 24.0256 
107.843 0.467224 2.5592 1574.96 24.0256 
115.775 0.452257 3.14873 1565.38 46.2651 
132.77 0.962524 3.3371 1575.07 25.3384 
111.514 1.8811 2.2287 1574.84 41.9287 
135.056 7.04102 1.09589 1568.6 34.4534 
139.674 1.92158 3.35228 1583.99 34.1497 
119.835 2.2821 2.24792 1595.18 48.0536 
142.997 2.27267 3.41441 1591.8 34.3953 
121.141 0.769043 3.94501 1587.8 43.0109 
141.661 7.31032 2.73551 1559.28 37.6723 
129.42 2.16217 2.79297 1578.03 46.2317 
115.176 2.95571 1.87369 1571.01 37.9641 
143.722 0.606221 3.87097 1570.84 31.249 
106.656 0.171814 2.55676 1572 49.1605 
122.636 0.507507 3.23944 1589.52 37.0993 
142.024 4.58557 2.40662 1552.95 31.6574 
126.884 2.69417 2.50121 1590.57 25.3291 
149.762 5.70129 3.9621 1573.42 34.7665 
134.907 1.5136 3.91242 1553.74 40.3833 
139.674 1.92158 3.35228 1583.99 34.1497 
149.95 3.47382 2.99896 1587.38 22.8024 
115.262 4.75098 1.34949 1575.78 25.6168 
102.454 3.86169 1.16638 1599.91 42.197 
131.215 3.46977 4.03607 1566.58 34.7942 
118.513 1.37665 3.34961 1553.52 47.1591 
122.074 0.562825 3.55513 1594.17 22.5638 
127.557 0.639038 3.76221 1590.34 24.6262 
139.674 1.92158 3.35228 1583.99 34.1497 
139.775 6.77094 1.41602 1588.27 29.1928 
106.656 0.171814 2.55676 1572 49.1605 
147.921 5.12487 2.77469 1590.73 39.2605 
113.333 4.44244 1.15356 1578.31 22.818 
130.679 3.01147 2.63794 1586.36 35.0476 
128.375 5.63568 1.93298 1590.44 37.5497 
135.332 5.88684 1.96716 1577.74 37.9764 
148.05 0.988464 4.54498 1554.66 35.6216 
111.508 1.88313 2.22756 1574.86 41.9154 
137.81 1.52771 4.04724 1580.72 41.503 
130.294 2.82494 2.53846 1585.72 34.6676 
119.241 6.60675 1.93451 1566.5 43.0365 
132.77 0.962524 3.3371 1575.07 25.3384 
113.715 4.501 1.62952 1576.9 21.2612 
111.514 1.8811 2.2287 1574.84 41.9287 
129.282 3.18934 3.86985 1582.05 35.5058 
122.074 0.562825 3.55513 1594.17 22.5638 
111.514 1.8811 2.2287 1574.84 41.9287 
109.668 2.33917 2.08527 1594.29 46.3919 
130.583 0.98999 4.14795 1593.89 35.8102 
149.95 3.47382 2.99896 1587.38 22.8024 
117.661 2.34436 2.28119 1593.97 46.8643 
117.661 2.34436 2.28119 1593.97 46.8643 
118.927 0.4755 3.78925 1568.97 40.7429 
112.291 1.03546 2.66663 1573.31 38.2025 
132.125 4.64603 2.28445 1552.27 28.8649 
122.677 2.77781 2.29622 1589.44 38.6489 
102.454 3.86169 1.16638 1599.91 42.197 
128.375 5.63568 1.93298 1590.44 37.5497 
107.551 4.71481 2.04342 1585.22 29.6545 
149.164 0.977859 4.6522 1586.7 30.9765 
135.023 3.909 2.45209 1556.29 49.7885 
119.835 2.2821 2.24792 1595.18 48.0536 
129.42 2.16217 2.79297 1578.03 46.2317 
132.79 6.70483 1.8709 1565.78 29.2083 
123.996 0.891724 3.57269 1585.9 28.4833 
122.925 3.19427 2.09045 1595.68 44.2569 
106.656 0.171814 2.55676 1572 49.1605 
119.18 0.276184 2.88818 1579.84 46.5155 
143.722 0.606221 3.87097 1570.84 31.249 
139.674 1.92158 3.35228 1583.99 34.1497 
147.66 4.05579 2.79572 1578.44 40.4666 
142.997 2.27267 3.41441 1591.8 34.3953 
147.202 4.3381 3.70186 1555.46 41.8046 
128.375 5.63568 1.93298 1590.44 37.5497 
146.671 3.508 2.78381 1556 41.925 
149.95 3.47382 2.99896 1587.38 22.8024 
145.399 4.32922 2.57477 1579.29 31.5594 
118.05 3.79883 1.59515 1568 34.8535 
139.471 1.26561 3.14507 1565.25 21.3824 
140.511 0.354614 3.93127 1571.42 46.1768 
118.352 0.585938 3.29742 1566.98 42.739 
114.834 6.77064 0.406966 1556.53 35.3668 
133.73 6.26404 1.81183 1552.08 23.5834 
145.399 4.32922 2.57477 1579.29 31.5594 
118.437 1.0376 3.40515 1573.81 35.5072 
122.074 0.562825 3.55513 1594.17 22.5638 
149.164 0.977859 4.6522 1586.7 30.9765 
114.685 3.59528 1.41541 1569.39 43.4018 
112.981 1.31195 2.35901 1556.22 28.0594 
107.843 0.467224 2.5592 1574.96 24.0256 
116.005 4.62799 1.3797 1595.97 29.1223 
140.541 6.27809 1.84662 1559.01 30.8504 
111.508 1.88313 2.22756 1574.86 41.9154 
118.066 1.5155 2.25098 1571.26 44.0857 
117.661 2.34436 2.28119 1593.97 46.8643 
129.42 2.16217 2.79297 1578.03 46.2317 
139.674 1.92158 3.35228 1583.99 34.1497 
119.835 2.2821 2.24792 1595.18 48.0536 
138.99 3.83517 2.87607 1580.64 36.0122 
145.399 4.32922 2.57477 1579.29 31.5594 
137.697 0.85907 3.26935 1584.08 35.563 
122.667 6.427 2.16461 1562.93 43.2562 
149.873 7.72491 2.04407 1558.53 31.6473 
135.497 5.44128 2.59827 1555.09 25.2945 
121.455 4.13582 1.46715 1571.77 48.1714 
116.563 4.97383 1.34533 1568.13 38.0143 
129.297 1.89195 3.78508 1572.68 31.3377 
123.629 0.680192 3.99256 1564.39 32.6175 
102.454 3.86169 1.16638 1599.91 42.197 
148.05 0.988464 4.54498 1554.66 35.6216 
122.925 3.19427 2.09045 1595.68 44.2569 
147.261 8.48114 0.767822 1559.38 24.1336 
122.677 2.77781 2.29622 1589.44 38.6489 
114.975 3.51013 1.8219 1579.81 36.1115 
112.981 1.31195 2.35901 1556.22 28.0594 
117.661 2.34436 2.28119 1593.97 46.8643 
122.433 4.40643 3.23669 1568.73 43.7341 
148.05 0.988464 4.54498 1554.66 35.6216 
129.42 2.16217 2.79297 1578.03 46.2317 
118.437 1.0376 3.40515 1573.81 35.5072 
141.059 6.4727 2.74226 1580.22 23.7034 
110.231 1.97723 1.92902 1559.98 48.7027 
112.981 1.31195 2.35901 1556.22 28.0594 
131.253 0.635398 4.24209 1569.31 33.6295 
144.557 9.62006 1.34674 1577.62 41.557 
143.7 9.44061 1.29639 1552.26 32.0914 
136.808 9.41666 0.541306 1559.45 26.5623 
139.471 1.26561 3.14507 1565.25 21.3824 
148.233 5.19077 2.71405 1590.81 39.0102 
117.661 2.34436 2.28119 1593.97 46.8643 
120.65 3.42496 3.70314 1572.23 46.147 
102.081 5.03479 0.765381 1569.65 23.056 
128.003 4.8407 1.95953 1592.22 30.188 
120.543 1.14352 3.40595 1575.36 35.4118 
122.636 0.507507 3.23944 1589.52 37.0993 
131.906 1.49078 3.08936 1562.16 42.6497 
132.77 0.962524 3.3371 1575.07 25.3384 
148.233 5.19077 2.71405 1590.81 39.0102 
125.476 3.78082 2.10388 1597 48.4903 
135.023 3.909 2.45209 1556.29 49.7885 
142.024 4.58557 2.40662 1552.95 31.6574 
128.03 4.61456 2.35809 1554.06 42.2803 
120.557 6.30035 1.09619 1585.05 20.575 
106.283 3.04285 1.63947 1555.75 37.1434 
132.473 1.95303 2.92327 1583.13 38.4861 
148.05 0.988464 4.54498 1554.66 35.6216 
131.859 0.161743 4.32159 1585.45 29.3915 
138.309 2.82745 3.66211 1559.13 24.0182 
127.362 2.81893 2.47207 1562.4 28.3836 
115.262 4.75098 1.34949 1575.78 25.6168 
110.396 0.873413 3.17261 1573.59 38.8736 
110.231 1.97723 1.92902 1559.98 48.7027 
107.843 0.467224 2.5592 1574.96 24.0256 
102.068 6.41327 0.345154 1577.82 36.3339 
142.024 4.58557 2.40662 1552.95 31.6574 
145.026 5.95909 1.67143 1577.69 43.1076 
148.396 0.577393 4.1803 1567.19 30.7565 
122.925 3.19427 2.09045 1595.68 44.2569 
117.661 2.34436 2.28119 1593.97 46.8643 
110.396 0.873413 3.17261 1573.59 38.8736 
142.024 4.58557 2.40662 1552.95 31.6574 
121.291 0.428772 3.54797 1597.54 20.1511 
118.513 1.37665 3.34961 1553.52 47.1591 
136.227 2.2699 3.61938 1567.51 42.4094 
109.668 2.33917 2.08527 1594.29 46.3919 
116.563 4.97383 1.34533 1568.13 38.0143 
117.661 2.34436 2.28119 1593.97 46.8643 
105.797 3.51574 2.43452 1584.91 35.5307 
147.66 4.05579 2.79572 1578.44 40.4666 
127.435 6.95253 0.773402 1592.61 39.6835 
145.026 5.95909 1.67143 1577.69 43.1076 
123.743 4.20201 2.56429 1590.55 32.5795 
136.58 2.81709 3.59286 1569.34 41.6024 
149.873 7.72491 2.04407 1558.53 31.6473 
122.677 2.77781 2.29622 1589.44 38.6489 
112.981 1.31195 2.35901 1556.22 28.0594 
119.835 2.2821 2.24792 1595.18 48.0536 
135.052 1.5402 3.86922 1581.01 31.687 
114.193 3.85816 2.78925 1560.43 27.9587 
107.843 0.467224 2.5592 1574.96 24.0256 
121.291 0.428772 3.54797 1597.54 20.1511 
117.661 2.34436 2.28119 1593.97 46.8643 
146.671 3.508 2.78381 1556 41.925 
128.523 1.65999 2.75574 1575.92 30.5698 
137.81 1.52771 4.04724 1580.72 41.503 
118.152 7.9776 0.656128 1593.38 25.376 
143.166 5.17952 2.29562 1585.71 37.3763 
118.927 0.4755 3.78925 1568.97 40.7429 
131.215 3.46977 4.03607 1566.58 34.7942 
132.59 6.44257 1.61163 1567.78 30.5927 
106.656 0.171814 2.55676 1572 49.1605 
139.674 1.92158 3.35228 1583.99 34.1497 
113.333 4.44244 1.15356 1578.31 22.818 
149.95 3.47382 2.99896 1587.38 22.8024 
139.166 3.05359 2.96906 1586.63 33.3127 
118.513 1.37665 3.34961 1553.52 47.1591 
143.166 5.17952 2.29562 1585.71 37.3763 
102.454 3.86169 1.16638 1599.91 42.197 
119.835 2.2821 2.24792 1595.18 48.0536 
145.25 4.29718 2.95868 1579.93 44.6021 
123.352 6.82922 0.4245 1593.39 32.1399 
120.271 3.75059 1.96534 1582.66 47.8094 
122.925 3.19427 2.09045 1595.68 44.2569 
139.408 5.5215 2.02332 1580.01 36.3484 
122.925 3.19427 2.09045 1595.68 44.2569 
140.511 0.354614 3.93127 1571.42 46.1768 
116.005 4.62799 1.3797 1595.97 29.1223 
121.501 3.8831 2.86544 1561.83 41.6554 
145.399 4.32922 2.57477 1579.29 31.5594 
130.294 2.82494 2.53846 1585.72 34.6676 
119.835 2.2821 2.24792 1595.18 48.0536 
138.694 2.57207 3.57476 1566.14 26.8745 
137.531 1.14044 4.04694 1565.56 49.7775 
145.973 1.76788 3.65509 1595.55 33.7439 
133.549 3.65328 2.67145 1584.66 45.1907 
149.164 0.977859 4.6522 1586.7 30.9765 
128.523 1.65999 2.75574 1575.92 30.5698 
129.198 0.764465 4.07013 1565.26 34.957 
126.242 4.79048 2.66436 1575.2 28.1597 
127.413 1.25968 3.7098 1553.86 43.6826 
112.981 1.31195 2.35901 1556.22 28.0594 
139.471 1.26561 3.14507 1565.25 21.3824 
130.294 2.82494 2.53846 1585.72 34.6676 
129.198 0.764465 4.07013 1565.26 34.957 
110.231 1.97723 1.92902 1559.98 48.7027 
102.879 3.66577 1.19385 1563.61 41.8234 
144.557 9.62006 1.34674 1577.62 41.557 
128.729 3.57411 2.97117 1583.24 30.741 
146.671 3.508 2.78381 1556 41.925 
135.052 1.5402 3.86922 1581.01 31.687 
149.873 7.72491 2.04407 1558.53 31.6473 
139.166 3.05359 2.96906 1586.63 33.3127 
149.164 0.977859 4.6522 1586.7 30.9765 
126.242 4.79048 2.66436 1575.2 28.1597 
118.437 1.0376 3.40515 1573.81 35.5072 
149.873 7.72491 2.04407 1558.53 31.6473 
131.43 7.0421 1.24601 1587.43 27.1709 
144.76 4.66797 3.62427 1588.19 21.1032 
121.191 0.861511 3.6087 1564.12 25.6671 
128.919 3.69846 4.64051 1577.86 28.4724 
118.05 3.79883 1.59515 1568 34.8535 
134.012 5.34821 2.01752 1583.82 44.7028 
148.05 0.988464 4.54498 1554.66 35.6216 
112.981 1.31195 2.35901 1556.22 28.0594 
131.859 0.161743 4.32159 1585.45 29.3915 
143.166 5.17952 2.29562 1585.71 37.3763 
109.668 2.33917 2.08527 1594.29 46.3919 
135.332 5.88684 1.96716 1577.74 37.9764 
129.42 2.16217 2.79297 1578.03 46.2317 
119.591 3.0846 2.03638 1582.71 48.5723 
123.352 6.82922 0.4245 1593.39 32.1399 
130.583 0.98999 4.14795 1593.89 35.8102 
113.333 4.44244 1.15356 1578.31 22.818 
134.907 1.5136 3.91242 1553.74 40.3833 
113.235 2.1018 2.34493 1575.87 41.6157 
118.05 3.79883 1.59515 1568 34.8535 
139.166 3.05359 2.96906 1586.63 33.3127 
147.202 4.3381 3.70186 1555.46 41.8046 
147.88 3.0191 3.20837 1575.09 37.5727 
122.677 2.77781 2.29622 1589.44 38.6489 
121.875 1.46332 2.98859 1567.28 25.0647 
146.671 3.508 2.78381 1556 41.925 
117.661 2.34436 2.28119 1593.97 46.8643 
125.68 6.06759 1.49303 1565.24 48.2414 
129.42 2.16217 2.79297 1578.03 46.2317 
106.656 0.171814 2.55676 1572 49.1605 
134.012 5.34821 2.01752 1583.82 44.7028 
149.873 7.72491 2.04407 1558.53 31.6473 
116.309 3.19397 4.91821 1597.08 47.6306 
142.024 4.58557 2.40662 1552.95 31.6574 
117.661 2.34436 2.28119 1593.97 46.8643 
100.063 5.63568 1.93298 1590.44 37.5497 
136.39 3.36248 2.57058 1577.6 35.6523 
106.656 0.171814 2.55676 1572 49.1605 
106.656 0.171814 2.55676 1572 49.1605 
113.785 2.41547 1.91833 1555.38 38.9203 
147.66 4.05579 2.79572 1578.44 40.4666 
122.636 0.507507 3.23944 1589.52 37.0993 
106.122 2.28638 1.88995 1593.11 42.8983 
131.158 7.70691 2.42706 1574.05 23.2831 
123.996 0.891724 3.57269 1585.9 28.4833 
131.215 3.46977 4.03607 1566.58 34.7942 
128.478 4.74322 1.75267 1585.03 21.4844 
128.111 2.71301 5.10162 1560.13 46.2784 
103.387 1.64856 2.11273 1555.85 37.7328 
135.356 1.64123 3.82705 1560.7 31.5284 
122.927 0.527851 3.62197 1593.41 23.1591 
137.059 0.317688 4.2804 1553.86 25.6845 
129.42 2.16217 2.79297 1578.03 46.2317 
146.671 3.508 2.78381 1556 41.925 
145.973 1.76788 3.65509 1595.55 33.7439 
146.671 3.508 2.78381 1556 41.925 
145.399 4.32922 2.57477 1579.29 31.5594 
115.262 4.75098 1.34949 1575.78 25.6168 
141.222 2.46822 3.75879 1576.52 30.3816 
122.925 3.19427 2.09045 1595.68 44.2569 
132.149 2.3111 3.49243 1552.79 23.8406 
133.422 1.17596 3.05852 1586.19 37.9742 
134.012 5.34821 2.01752 1583.82 44.7028 
135.332 5.88684 1.96716 1577.74 37.9764 
134.012 5.34821 2.01752 1583.82 44.7028 
139.674 1.92158 3.35228 1583.99 34.1497 
121.875 1.46332 2.98859 1567.28 25.0647 
130.763 3.47929 2.6063 1585.55 31.853 
111.514 1.8811 2.2287 1574.84 41.9287 
137.81 1.52771 4.04724 1580.72 41.503 
143.712 5.47002 2.06375 1589.68 36.7848 
132.77 0.962524 3.3371 1575.07 25.3384 
111.514 1.8811 2.2287 1574.84 41.9287 
137.109 8.08014 1.34705 1564.21 43.6426 
135.699 5.5011 2.61902 1565.57 37.189 
146.496 3.07214 3.00205 1565.91 39.8759 
128.375 5.63568 1.93298 1590.44 37.5497 
102.38 4.83215 0.561523 1598.06 22.5497 
110.231 1.97723 1.92902 1559.98 48.7027 
109.497 3.35938 1.78345 1599.76 33.7228 
125.18 4.26514 3.25623 1563.86 49.8938 
134.245 6.79626 1.19598 1594.02 43.9063 
117.661 2.34436 2.28119 1593.97 46.8643 
107.492 3.31841 2.17397 1566.76 38.902 
132.59 6.44257 1.61163 1567.78 30.5927 
119.15 0.0427246 4.17908 1554.11 39.7974 
139.471 1.26561 3.14507 1565.25 21.3824 
134.012 5.34821 2.01752 1583.82 44.7028 
117.661 2.34436 2.28119 1593.97 46.8643 
134.245 6.79626 1.19598 1594.02 43.9063 
137.531 1.14044 4.04694 1565.56 49.7775 
112.825 2.69348 2.08008 1561.47 45.3839 
130.583 0.98999 4.14795 1593.89 35.8102 
148.05 0.988464 4.54498 1554.66 35.6216 
132.59 6.44257 1.61163 1567.78 30.5927 
146.671 3.508 2.78381 1556 41.925 
122.925 3.19427 2.09045 1595.68 44.2569 
142.357 0.213623 4.10522 1557.77 42.1933 
122.636 0.507507 3.23944 1589.52 37.0993 
128.003 4.8407 1.95953 1592.22 30.188 
123.116 4.65607 1.62109 1564.34 43.0704 
130.679 3.01147 2.63794 1586.36 35.0476 
146.671 3.508 2.78381 1556 41.925 
132.59 6.44257 1.61163 1567.78 30.5927 
107.843 0.467224 2.5592 1574.96 24.0256 
131.906 1.49078 3.08936 1562.16 42.6497 
115.128 0.507202 3.61786 1550.27 23.3929 
142.357 0.213623 4.10522 1557.77 42.1933 
132.77 0.962524 3.3371 1575.07 25.3384 
132.77 0.962524 3.3371 1575.07 25.3384 
145.852 3.83162 2.8741 1579.07 40.6401 
128.298 1.45804 3.07412 1586.97 35.7214 
149.873 7.72491 2.04407 1558.53 31.6473 
143.807 3.39312 2.7342 1559.75 42.4126 
129.42 2.16217 2.79297 1578.03 46.2317 
114.685 3.59528 1.41541 1569.39 43.4018 
114.975 3.51013 1.8219 1579.81 36.1115 
122.909 1.0683 3.02206 1580.99 34.1567 
148.317 1.1734 4.2572 1560.42 27.8653 
139.674 1.92158 3.35228 1583.99 34.1497 
109.79 5.84341 0.386239 1570.91 32.8226 
130.679 3.01147 2.63794 1586.36 35.0476 
118.05 3.79883 1.59515 1568 34.8535 
134.863 1.4267 3.94836 1553.39 40.2716 
139.122 5.63568 1.93298 1590.44 37.5497 
117.661 2.34436 2.28119 1593.97 46.8643 
145.105 2.17792 3.97734 1558.34 35.5628 
142.997 2.27267 3.41441 1591.8 34.3953 
143.712 5.47002 2.06375 1589.68 36.7848 
140.511 0.354614 3.93127 1571.42 46.1768 
125.489 5.91544 1.12989 1592.85 31.2429 
148.872 4.87885 2.14905 1590.06 38.3865 
136.808 9.41666 0.541306 1559.45 26.5623 
142.357 0.213623 4.10522 1557.77 42.1933 
132.59 6.44257 1.61163 1567.78 30.5927 
135.97 5.23457 1.96985 1581.12 42.2065 
122.909 1.0683 3.02206 1580.99 34.1567 
132.554 6.11603 1.28952 1597.25 41.5689 
142.418 0.914612 2.96234 1562.9 20.2783 
114.975 3.51013 1.8219 1579.81 36.1115 
138.281 0.305331 4.26201 1586.36 29.7806 
127.413 1.25968 3.7098 1553.86 43.6826 
112.981 1.31195 2.35901 1556.22 28.0594 
133.73 6.26404 1.81183 1552.08 23.5834 
109.668 2.33917 2.08527 1594.29 46.5082 
107.843 0.467224 2.5592 1574.96 24.0256 
128.375 5.63568 1.93298 1590.44 37.5497 
120.483 1.70702 2.39432 1594.92 38.9798 
117.421 6.97144 1.08459 1579.67 26.2476 
122.925 3.19427 2.09045 1595.68 44.2569 
121.455 4.13582 1.46715 1571.77 48.1714 
122.677 2.77781 2.29622 1589.44 38.6489 
142.024 4.58557 2.40662 1552.95 31.6574 
128.996 2.20349 2.75325 1577.79 46.1501 
149.95 3.47382 2.99896 1587.38 22.8024 
146.671 3.508 2.78381 1556 41.925 
107.626 3.02277 2.18567 1552.62 27.9578 
115.262 4.75098 1.34949 1575.78 25.6168 
140.196 5.34637 2.28302 1555.14 28.2315 
131.439 4.01703 3.32001 1574.44 37.7356 
132.572 1.93552 3.6968 1563.35 34.6549 
111.508 1.88313 2.22756 1574.86 41.9154 
139.674 1.92158 3.35228 1583.99 34.1497 
148.233 5.19077 2.71405 1590.81 39.0102 
112.291 1.03546 2.66663 1573.31 38.2025 
144.511 8.33788 1.60343 1557.62 33.8065 
111.514 1.8811 2.2287 1574.84 41.9287 
149.164 0.977859 4.6522 1586.7 30.9765 
140.015 4.84463 2.31998 1587.71 37.8601 
122.925 3.19427 2.09045 1595.68 44.2569 
116.563 4.97383 1.34533 1568.13 38.0143 
122.925 3.19427 2.09045 1595.68 44.2569 
147.66 4.05579 2.79572 1578.44 40.4666 
118.513 1.37665 3.34961 1553.52 47.1591 
138.3 5.94525 2.95726 1566.68 34.3074 
140.944 9.70032 0.466309 1553.98 23.9944 
148.05 0.988464 4.54498 1554.66 35.6216 
147.66 4.05579 2.79572 1578.44 40.4666 
122.677 2.77781 2.29622 1589.44 38.6489 
130.763 3.47929 2.6063 1585.55 31.853 
111.952 2.55127 4.06799 1589.75 28.1738 
137.531 1.14044 4.04694 1565.56 49.7775 
147.261 8.48114 0.767822 1559.38 24.1336 
118.824 4.23685 1.73295 1570 35.8569 
145.026 5.95909 1.67143 1577.69 43.1076 
108.577 5.94574 0.221863 1570.71 32.5473 
147.66 4.05579 2.79572 1578.44 40.4666 
115.128 0.507202 3.61786 1550.27 23.3929 
131.859 0.161743 4.32159 1585.45 29.3915 
117.661 2.34436 2.28119 1593.97 46.8643 
116.33 6.42939 0.767124 1555.16 36.5439 
122.925 3.19427 2.09045 1595.68 44.2569 
149.95 3.47382 2.99896 1587.38 22.8024 
109.668 2.33917 2.08527 1594.29 46.3919 
149.164 0.977859 4.6522 1586.7 30.9765 
132.149 2.3111 3.49243 1552.79 23.8406 
110.396 0.873413 3.17261 1573.59 38.8736 
139.674 1.92158 3.35228 1583.99 34.1497 
123.062 1.1358 3.24225 1585.23 39.2386 
140.511 0.354614 3.93127 1571.42 46.1768 
119.835 2.2821 2.24792 1595.18 48.0536 
139.674 1.92158 3.35228 1583.99 34.1497 
149.95 3.47382 2.99896 1587.38 22.8024 
119.18 0.276184 2.88818 1579.84 46.5155 
139.674 1.92158 3.35228 1583.99 34.1497 
135.356 1.64123 3.82705 1560.7 31.5284 
142.024 4.58557 2.40662 1552.95 31.6574 
102.454 3.86169 1.16638 1599.91 42.197 
139.122 5.63568 1.93298 1590.44 37.5497 
140.341 8.72849 0.9063 1558.99 26.6224 
139.148 0.568237 4.61639 1592.08 41.8051 
126.782 0.0393677 4.46777 1560.47 27.3663 
121.141 0.769043 3.94501 1587.8 43.0109 
123.996 0.891724 3.57269 1585.9 28.4833 
118.437 1.0376 3.40515 1573.81 35.5072 
142.332 9.41986 0.386047 1582.94 31.8021 
122.925 3.19427 2.09045 1595.68 44.2569 
132.149 2.3111 3.49243 1552.79 23.8406 
119.18 0.276184 2.88818 1579.84 46.5155 
142.024 4.58557 2.40662 1552.95 31.6574 
125.489 5.91544 1.12989 1592.85 31.2429 
141.661 7.31032 2.73551 1559.28 37.6723 
142.997 2.27267 3.41441 1591.8 34.3953 
135.023 3.909 2.45209 1556.29 49.7885 
122.636 0.507507 3.23944 1589.52 37.0993 
122.223 2.80465 3.33951 1560.17 43.3284 
143.166 5.17952 2.29562 1585.71 37.3763 
145.938 2.75879 2.72888 1579.39 40.7349 
148.233 5.19077 2.71405 1590.81 39.0102 
139.408 5.5215 2.02332 1580.01 36.3484 
122.074 0.562825 3.55513 1594.17 22.5638 
122.925 3.19427 2.09045 1595.68 44.2569 
147.66 4.05579 2.79572 1578.44 40.4666 
122.909 1.0683 3.02206 1580.99 34.1567 
121.191 0.861511 3.6087 1564.12 25.6671 
120.271 3.75059 1.96534 1582.66 47.8094 
140.511 0.354614 3.93127 1571.42 46.1768 
119.835 2.2821 2.24792 1595.18 48.0536 
146.671 3.508 2.78381 1556 41.925 
132.572 1.93552 3.6968 1563.35 34.6549 
109.668 2.33917 2.08527 1594.29 46.3919 
114.975 3.51013 1.8219 1579.81 36.1115 
129.42 2.16217 2.79297 1578.03 46.2317 
136.227 2.2699 3.61938 1567.51 42.4094 
117.371 2.54969 2.33003 1556.98 34.6959 
110.041 6.00627 0.312964 1571.12 32.0326 
113.467 1.75206 2.38578 1575.64 40.9877 
149.164 0.977859 4.6522 1586.7 30.9765 
122.925 3.19427 2.09045 1595.68 44.2569 
115.128 0.507202 3.61786 1550.27 23.3929 
132.572 1.93552 3.6968 1563.35 34.6549 
137.154 0.796702 4.13577 1585.38 31.0758 
149.762 5.70129 3.9621 1573.42 34.7665 
119.835 2.2821 2.24792 1595.18 48.0536 
138.643 3.40836 2.85639 1564.08 44.2798 
138.3 5.94525 2.95726 1566.68 34.3074 
109.384 5.8641 0.369273 1570.38 33.39 
124.165 6.47705 2.27539 1585.69 42.3077 
123.116 4.65607 1.62109 1564.34 43.0704 
130.659 1.20117 4.83582 1582.41 24.9951 
113.467 1.75206 2.38578 1575.64 40.9877 
130.763 3.47929 2.6063 1585.55 31.853 
118.315 6.99158 0.98877 1582.08 34.2914 
136.571 3.30078 3.47687 1575.49 47.3431 
130.294 2.82494 2.53846 1585.72 34.6676 
112.291 1.03546 2.66663 1573.31 38.2025 
131.071 5.12099 1.74485 1572.07 33.1656 
113.235 2.1018 2.34493 1575.87 41.6157 
112.291 1.03546 2.66663 1573.31 38.2025 
127.413 1.25968 3.7098 1553.86 43.6826 
149.164 0.977859 4.6522 1586.7 30.9765 
146.671 3.508 2.78381 1556 41.925 
122.925 3.19427 2.09045 1595.68 44.2569 
129.198 0.764465 4.07013 1565.26 34.957 
132.77 0.962524 3.3371 1575.07 25.3384 
128.003 4.8407 1.95953 1592.22 30.188 
137.531 1.14044 4.04694 1565.56 49.7775 
137.733 0.474854 6.11633 1581.8 43.3789 
122.636 0.507507 3.23944 1589.52 37.0993 
137.059 0.317688 4.2804 1553.86 25.6845 
128.961 1.07845 3.40696 1554.51 42.0399 
148.764 6.17615 2.15271 1592.68 23.8525 
117.661 2.34436 2.28119 1593.97 46.8643 
123.352 6.82922 0.4245 1593.39 32.1399 
138.309 2.82745 3.66211 1559.13 24.0182 
105.692 0.684814 3.30933 1569.91 32.9254 
131.035 4.71963 2.08851 1590.09 31.7734 
122.677 2.77781 2.29622 1589.44 38.6489 
131.439 4.01703 3.32001 1574.44 37.7356 
131.859 0.161743 4.32159 1585.45 29.3915 
139.674 1.92158 3.35228 1583.99 34.1497 
130.679 3.01147 2.63794 1586.36 35.0476 
136.39 3.36248 2.57058 1577.6 35.6523 
130.325 5.82214 1.32355 1575.63 31.7627 
145.105 2.17792 3.97734 1558.34 35.5628 
130.745 5.06408 1.6141 1590.23 32.6882 
145.957 5.15619 3.63797 1565.42 30.3417 
128.375 5.63568 1.93298 1590.44 37.5497 
119.18 0.276184 2.88818 1579.84 46.5155 
145.105 2.17792 3.97734 1558.34 35.5628 
106.283 3.04285 1.63947 1555.75 37.1434 
111.514 1.8811 2.2287 1574.84 41.9287 
112.981 1.31195 2.35901 1556.22 28.0594 
117.661 2.34436 2.28119 1593.97 46.8643 
140.944 9.70032 0.466309 1553.98 23.9944 
112.981 1.31195 2.35901 1556.22 28.0594 
137.81 1.52771 4.04724 1580.72 41.503 
127.362 2.81893 2.47207 1562.4 28.3836 
148.317 1.1734 4.2572 1560.42 27.8653 
113.235 2.1018 2.34493 1575.87 41.6157 
132.77 0.962524 3.3371 1575.07 25.3384 
118.437 1.0376 3.40515 1573.81 35.5072 
142.997 2.27267 3.41441 1591.8 34.3953 
142.024 4.58557 2.40662 1552.95 31.6574 
145.105 2.17792 3.97734 1558.34 35.5628 
122.677 2.77781 2.29622 1589.44 38.6489 
119.18 0.276184 2.88818 1579.84 46.5155 
148.764 6.17615 2.15271 1592.68 23.8525 
130.679 3.01147 2.63794 1586.36 35.0476 
119.835 2.2821 2.24792 1595.18 48.0536 
137.531 1.14044 4.04694 1565.56 49.7775 
121.191 0.861511 3.6087 1564.12 25.6671 
149.95 3.47382 2.99896 1587.38 22.8024 
127.362 2.81893 2.47207 1562.4 28.3836 
115.52 4.83734 1.12762 1567.13 23.3298 
120.557 6.30035 1.09619 1585.05 20.575 
106.283 3.04285 1.63947 1555.75 37.1434 
112.291 1.03546 2.66663 1573.31 38.2025 
129.42 2.16217 2.79297 1578.03 46.2317 
113.467 1.75206 2.38578 1575.64 40.9877 
131.859 0.161743 4.32159 1585.45 29.3915 
112.291 1.03546 2.66663 1573.31 38.2025 
142.024 4.58557 2.40662 1552.95 31.6574 
130.481 9.56085 0.722656 1593.78 39.6152 
119.835 2.2821 2.24792 1595.18 48.0536 
129.198 0.764465 4.07013 1565.26 34.957 
113.596 2.03896 2.39435 1576.62 40.8377 
149.95 3.47382 2.99896 1587.38 22.8024 
147.202 4.3381 3.70186 1555.46 41.8046 
133.32 1.69221 3.70746 1573.88 30.6651 
145.25 4.29718 2.95868 1579.93 44.6021 
139.166 3.05359 2.96906 1586.63 33.3127 
116.472 2.35088 2.12209 1558.77 37.7001 
131.439 4.01703 3.32001 1574.44 37.7356 
119.835 2.2821 2.24792 1595.18 48.0536 
145.973 1.76788 3.65509 1595.55 33.7439 
105.692 0.684814 3.30933 1569.91 32.9254 
132.072 0.272522 3.20129 1565.42 24.3488 
131.439 4.01703 3.32001 1574.44 37.7356 
113.467 1.75206 2.38578 1575.64 40.9877 
109.346 6.14441 0.427551 1563.85 36.8292 
132.676 3.04289 4.04513 1565.43 35.7642 
119.99 5.02441 1.53769 1555.54 37.226 
117.661 2.34436 2.28119 1593.97 46.8643 
122.677 2.77781 2.29622 1589.44 38.6489 
129.055 2.64549 3.46278 1563.33 40.4888 
127.557 0.639038 3.76221 1590.34 24.6262 
141.498 8.86017 0.637207 1569.74 38.1082 
109.668 2.33917 2.08527 1594.29 46.3919 
116.467 6.39313 0.721436 1590.26 45.2924 
130.294 2.82494 2.53846 1585.72 34.6676 
112.291 1.03546 2.66663 1573.31 38.2025 
127.764 5.65827 2.26074 1568.2 26.4754 
148.233 5.19077 2.71405 1590.81 39.0102 
143.924 0.607897 3.83808 1569.91 30.7833 
112.981 1.31195 2.35901 1556.22 28.0594 
107.843 0.467224 2.5592 1574.96 24.0256 
149.873 7.72491 2.04407 1558.53 31.6473 
106.283 3.04285 1.63947 1555.75 37.1434 
114.943 0.322266 3.91418 1569.69 44.4977 
139.471 1.26561 3.14507 1565.25 21.3824 
110.396 0.873413 3.17261 1573.59 38.8736 
116.005 4.62799 1.3797 1595.97 29.1223 
119.835 2.2821 2.24792 1595.18 48.0536 
128.375 5.63568 1.93298 1590.44 37.5497 
122.677 2.77781 2.29622 1589.44 38.6489 
139.674 1.92158 3.35228 1583.99 34.1497 
149.95 3.47382 2.99896 1587.38 22.8024 
116.439 2.95085 2.12423 1566.44 33.7404 
139.166 3.05359 2.96906 1586.63 33.3127 
121.191 0.861511 3.6087 1564.12 25.6671 
142.997 2.27267 3.41441 1591.8 34.3953 
145.399 4.32922 2.57477 1579.29 31.5594 
121.339 0.946655 2.58789 1594.58 26.9827 
146.034 9.05792 1.48895 1582.21 35.7535 
121.501 3.8831 2.86544 1561.83 41.6554 
132.59 6.44257 1.61163 1567.78 30.5927 
134.012 5.34821 2.01752 1583.82 44.7028 
122.677 2.77781 2.29622 1589.44 38.6489 
136.227 2.2699 3.61938 1567.51 42.4094 
109.668 2.33917 2.08527 1594.29 46.3919 
146.671 3.508 2.78381 1556 41.925 
144.162 5.49652 2.40448 1597.35 33.2861 
143.7 9.44061 1.29639 1552.26 32.0914 
131.859 0.161743 4.32159 1585.45 29.3915 
107.843 0.467224 2.5592 1574.96 24.0256 
144.162 5.49652 2.40448 1597.35 33.2861 
113.596 2.03896 2.39435 1576.62 40.8377 
116.467 6.39313 0.721436 1590.26 45.2924 
138.385 3.86749 3.06396 1564.21 20.8011 
143.489 7.3764 1.96472 1581.52 32.1445 
147.921 5.12487 2.77469 1590.73 39.2605 
134.907 1.5136 3.91242 1553.74 40.3833 
105.85 1.08246 2.96936 1552.29 48.4189 
145.105 2.17792 3.97734 1558.34 35.5628 
142.997 2.27267 3.41441 1591.8 34.3953 
143.166 5.17952 2.29562 1585.71 37.3763 
130.679 3.01147 2.63794 1586.36 35.0476 
130.294 2.82494 2.53846 1585.72 34.6676 
119.835 2.2821 2.24792 1595.18 48.0536 
135.13 0.0793457 5.72632 1573.07 34.1605 
123.996 0.891724 3.57269 1585.9 28.4833 
115.126 4.69879 1.5099 1590.38 44.6164 
118.066 1.5155 2.25098 1571.26 44.0857 
139.148 0.568237 4.61639 1592.08 41.8051 
116.33 6.42939 0.767124 1555.16 36.5439 
137.81 1.52771 4.04724 1580.72 41.503 
131.071 5.12099 1.74485 1572.07 33.1656 
142.024 4.58557 2.40662 1552.95 31.6574 
110.724 0.990589 3.12917 1573.22 38.7136 
111.508 1.88313 2.22756 1574.86 41.9154 
122.915 7.34142 0.779575 1594.11 34.6976 
141.255 3.33099 4.63531 1567.82 37.4628 
122.925 3.19427 2.09045 1595.68 44.2569 
112.894 4.00235 2.41302 1567.31 47.4093 
132.77 0.962524 3.3371 1575.07 25.3384 
129.42 2.16217 2.79297 1578.03 46.2317 
135.052 1.5402 3.86922 1581.01 31.687 
119.835 2.2821 2.24792 1595.18 48.0536 
119.835 2.2821 2.24792 1595.18 48.0536 
116.005 4.62799 1.3797 1595.97 29.1223 
134.137 9.38477 0.426025 1557.14 20.7059 
118.05 3.79883 1.59515 1568 34.8535 
132.77 0.962524 3.3371 1575.07 25.3384 
147.66 4.05579 2.79572 1578.44 40.4666 
130.294 2.82494 2.53846 1585.72 34.6676 
134.907 1.5136 3.91242 1553.74 40.3833 
128.003 4.8407 1.95953 1592.22 30.188 
106.656 0.171814 2.55676 1572 49.1605 
147.66 4.05579 2.79572 1578.44 40.4666 
142.357 0.213623 4.10522 1557.77 42.1933 
128.003 4.8407 1.95953 1592.22 30.188 
137.81 1.52771 4.04724 1580.72 41.503 
146.671 3.508 2.78381 1556 41.925 
145.973 1.76788 3.65509 1595.55 33.7439 
122.925 3.19427 2.09045 1595.68 44.2569 
137.422 0.409162 4.31613 1585.51 29.9155 
117.661 2.34436 2.28119 1593.97 46.8643 
122.925 3.19427 2.09045 1595.68 44.2569 
112.291 1.03546 2.66663 1573.31 38.2025 
106.656 0.171814 2.55676 1572 49.1605 
106.283 3.04285 1.63947 1555.75 37.1434 
140.015 4.84463 2.31998 1587.71 37.8601 
134.863 1.4267 3.94836 1553.39 40.2716 
138.99 3.83517 2.87607 1580.64 36.0122 
140.511 0.354614 3.93127 1571.42 46.1768 
120.271 3.75059 1.96534 1582.66 47.8094 
133.208 1.50757 6.36322 1578.48 32.6608 
128.454 5.52605 1.97189 1590.03 37.3555 
149.164 0.977859 4.6522 1586.7 30.9765 
145.399 4.32922 2.57477 1579.29 31.5594 
114.156 0.0222778 6.16241 1552.47 39.6811 
116.005 4.62799 1.3797 1595.97 29.1223 
130.679 3.01147 2.63794 1586.36 35.0476 
137.81 1.52771 4.04724 1580.72 41.503 
110.724 0.990589 3.12917 1573.22 38.7136 
135.332 5.88684 1.96716 1577.74 37.9764 
111.514 1.8811 2.2287 1574.84 41.9287 
102.454 3.86169 1.16638 1599.91 42.197 
103.387 1.64856 2.11273 1555.85 37.7328 
109.668 2.33917 2.08527 1594.29 46.3919 
137.154 0.796702 4.13577 1585.38 31.0758 
119.835 2.2821 2.24792 1595.18 48.0536 
139.148 0.568237 4.61639 1592.08 41.8051 
145.399 4.32922 2.57477 1579.29 31.5594 
128.003 4.8407 1.95953 1592.22 30.188 
122.925 3.19427 2.09045 1595.68 44.2569 
113.333 4.44244 1.15356 1578.31 22.818 
141.295 4.61691 2.42144 1574.41 42.9282 
128.611 5.54367 1.89787 1589.9 35.5099 
137.546 1.57168 3.01391 1564.86 22.3019 
117.107 7.76031 0.690918 1574.36 37.8812 
106.283 3.04285 1.63947 1555.75 37.1434 
128.207 1.46733 2.52136 1561.85 34.46 
121.141 0.769043 3.94501 1587.8 43.0109 
115.128 0.507202 3.61786 1550.27 23.3929 
113.715 4.501 1.62952 1576.9 21.2612 
129.42 2.16217 2.79297 1578.03 46.2317 
143.924 0.607897 3.83808 1569.91 30.7833 
135.332 5.88684 1.96716 1577.74 37.9764 
139.122 5.63568 1.93298 1590.44 37.5497 
113.235 2.1018 2.34493 1575.87 41.6157 
135.332 5.88684 1.96716 1577.74 37.9764 
139.674 1.92158 3.35228 1583.99 34.1497 
110.231 1.97723 1.92902 1559.98 48.7027 
147.086 3.35571 2.72125 1593.17 23.6319 
119.18 0.276184 2.88818 1579.84 46.5155 
145.399 4.32922 2.57477 1579.29 31.5594 
139.122 5.63568 1.93298 1590.44 37.5497 
119.241 6.60675 1.93451 1566.5 43.0365 
132.77 0.962524 3.3371 1575.07 25.3384 
145.399 4.32922 2.57477 1579.29 31.5594 
146.671 3.508 2.78381 1556 41.925 
142.56 5.75195 2.07031 1596.15 31.1575 
137.526 0.161743 4.32159 1585.45 29.3915 
110.231 1.97723 1.92902 1559.98 48.7027 
148.764 6.17615 2.15271 1592.68 23.8525 
134.362 1.82953 3.29326 1573.4 40.525 
148.05 0.988464 4.54498 1554.66 35.6216 
110.041 6.00627 0.312964 1571.12 32.0326 
148.233 5.19077 2.71405 1590.81 39.0102 
143.924 0.607897 3.83808 1569.91 30.7833 
117.257 3.91511 2.65804 1571.48 29.6671 
118.513 1.37665 3.34961 1553.52 47.1591 
117.661 2.34436 2.28119 1593.97 46.8643 
114.419 2.99913 1.86692 1568.4 37.4227 
131.439 4.01703 3.32001 1574.44 37.7356 
117.503 2.72736 3.43658 1569.54 39.1528 
117.661 2.34436 2.28119 1593.97 46.8643 
115.346 4.30145 2.49451 1557.69 21.9986 
149.95 3.47382 2.99896 1587.38 22.8024 
110.231 1.97723 1.92902 1559.98 48.7027 
139.674 1.92158 3.35228 1583.99 34.1497 
119.591 3.0846 2.03638 1582.71 48.5723 
138.873 1.94672 3.33954 1577.28 23.4689 
117.661 2.34436 2.28119 1593.97 46.8643 
129.235 9.19533 0.73203 1593.84 38.8053 
111.514 1.8811 2.2287 1574.84 41.9287 
132.77 0.962524 3.3371 1575.07 25.3384 
145.399 4.32922 2.57477 1579.29 31.5594 
105.85 1.08246 2.96936 1552.29 48.4189 
142.024 4.58557 2.40662 1552.95 31.6574 
120.483 1.70702 2.39432 1594.92 38.9798 
122.677 2.77781 2.29622 1589.44 38.6489 
121.191 0.861511 3.6087 1564.12 25.6671 
114.419 2.99913 1.86692 1568.4 37.4227 
148.285 7.68951 1.37573 1584.95 35.9402 
145.716 6.76902 1.80801 1573.73 38.7482 
136.571 3.30078 3.47687 1575.49 47.3431 
129.42 2.16217 2.79297 1578.03 46.2317 
117.371 2.54969 2.33003 1556.98 34.6959 
137.557 0.774376 4.14964 1585.67 29.874 
102.454 3.86169 1.16638 1599.91 42.197 
131.215 3.46977 4.03607 1566.58 34.7942 
134.012 5.34821 2.01752 1583.82 44.7028 
137.422 0.409162 4.31613 1585.51 29.9155 
132.072 0.272522 3.20129 1565.42 24.3488 
139.408 5.5215 2.02332 1580.01 36.3484 
149.164 0.977859 4.6522 1586.7 30.9765 
132.59 6.44257 1.61163 1567.78 30.5927 
142.997 2.27267 3.41441 1591.8 34.3953 
130.679 3.01147 2.63794 1586.36 35.0476 
147.261 8.48114 0.767822 1559.38 24.1336 
111.514 1.8811 2.2287 1574.84 41.9287 
112.981 1.31195 2.35901 1556.22 28.0594 
122.636 0.507507 3.23944 1589.52 37.0993 
132.59 6.44257 1.61163 1567.78 30.5927 
146.359 5.98328 3.65875 1590.87 32.2708 
146.671 3.508 2.78381 1556 41.925 
143.368 6.29454 1.14175 1573.26 43.5171 
118.437 1.0376 3.40515 1573.81 35.5072 
122.074 0.562825 3.55513 1594.17 22.5638 
131.215 3.46977 4.03607 1566.58 34.7942 
141.066 8.85712 0.450439 1565.2 32.9794 
143.076 9.62258 0.802201 1592.9 26.7811 
119.99 5.02441 1.53769 1555.54 37.226 
142.997 2.27267 3.41441 1591.8 34.3953 
122.925 3.19427 2.09045 1595.68 44.2569 
112.981 1.31195 2.35901 1556.22 28.0594 
110.396 0.873413 3.17261 1573.59 38.8736 
109.668 2.33917 2.08527 1594.29 46.3919 
148.05 0.988464 4.54498 1554.66 35.6216 
138.742 9.84802 0.538025 1554.07 35.7397 
140.541 6.27809 1.84662 1559.01 30.8504 
147.314 5.25726 2.69623 1581.4 25.1956 
105.85 1.08246 2.96936 1552.29 48.4189 
149.95 3.47382 2.99896 1587.38 22.8024 
141.059 6.4727 2.74226 1580.22 23.7034 
131.859 0.161743 4.32159 1585.45 29.3915 
111.514 1.8811 2.2287 1574.84 41.9287 
129.198 0.764465 4.07013 1565.26 34.957 
147.66 4.05579 2.79572 1578.44 40.4666 
129.42 2.16217 2.79297 1578.03 46.2317 
137.81 1.52771 4.04724 1580.72 41.503 
127.557 0.639038 3.76221 1590.34 24.6262 
115.346 4.30145 2.49451 1557.69 21.9986 
113.901 1.37318 2.38046 1557.29 28.2441 
144.183 9.97223 0.733337 1592.79 25.7678 
147.66 4.05579 2.79572 1578.44 40.4666 
122.925 3.19427 2.09045 1595.68 44.2569 
148.317 1.1734 4.2572 1560.42 27.8653 
142.024 4.58557 2.40662 1552.95 31.6574 
109.668 2.33917 2.08527 1594.29 46.3919 
139.166 3.05359 2.96906 1586.63 33.3127 
128.996 2.20349 2.75325 1577.79 46.1501 
113.333 4.44244 1.15356 1578.31 22.818 
119.241 6.60675 1.93451 1566.5 43.0365 
119.18 0.276184 2.88818 1579.84 46.5155 
136.795 8.18146 1.24634 1585.94 31.2518 
120.158 1.19338 2.601 1595.02 28.4926 
130.228 3.53973 3.61237 1583.4 49.2804 
135.023 3.909 2.45209 1556.29 49.7885 
113.235 2.1018 2.34493 1575.87 41.6157 
126.782 0.0393677 4.46777 1560.47 27.3663 
141.222 2.46822 3.75879 1576.52 30.3816 
120.271 3.75059 1.96534 1582.66 47.8094 
148.285 7.68951 1.37573 1584.95 35.9402 
132.799 2.45875 3.49153 1571.34 39.4279 
106.122 2.28638 1.88995 1593.11 42.8983 
132.59 6.44257 1.61163 1567.78 30.5927 
129.42 2.16217 2.79297 1578.03 46.2317 
116.472 2.35088 2.12209 1558.77 37.7001 
139.674 1.92158 3.35228 1583.99 34.1497 
146.748 3.78636 2.55542 1592.44 24.2121 
112.981 1.31195 2.35901 1556.22 28.0594 
149.164 0.977859 4.6522 1586.7 30.9765 
111.508 1.88313 2.22756 1574.86 41.9154 
119.452 0.622376 3.18459 1570.18 32.8055 
148.233 5.19077 2.71405 1590.81 39.0102 
120.158 1.19338 2.601 1595.02 28.4926 
119.99 5.02441 1.53769 1555.54 37.226 
120.557 6.30035 1.09619 1585.05 20.575 
104.524 4.46197 1.00434 1590.93 22.879 
142.418 0.914612 2.96234 1562.9 20.2783 
149.164 0.977859 4.6522 1586.7 30.9765 
132.139 7.44487 1.41674 1570.63 34.215 
143.166 5.17952 2.29562 1585.71 37.3763 
122.909 1.0683 3.02206 1580.99 34.1567 
119.835 2.2821 2.24792 1595.18 48.0536 
138.281 0.305331 4.26201 1586.36 29.7806 
145.399 4.32922 2.57477 1579.29 31.5594 
119.99 5.02441 1.53769 1555.54 37.226 
108.284 4.28153 1.14236 1595.17 25.708 
139.166 3.05359 2.96906 1586.63 33.3127 
142.594 6.17869 1.90891 1562.97 38.3645 
109.668 2.33917 2.08527 1594.29 46.3919 
135.13 0.0793457 5.72632 1573.07 34.1605 
121.177 3.29779 2.68957 1580.77 38.14 
130.981 2.00217 3.22232 1577.11 31.1114 
136.795 8.18146 1.24634 1585.94 31.2518 
118.066 1.5155 2.25098 1571.26 44.0857 
127.362 2.81893 2.47207 1562.4 28.3836 
142.83 9.3336 1.33605 1577.65 40.5203 
121.875 1.46332 2.98859 1567.28 25.0647 
116.472 2.35088 2.12209 1558.77 37.7001 
113.235 2.1018 2.34493 1575.87 41.6157 
132.072 0.272522 3.20129 1565.42 24.3488 
149.95 3.47382 2.99896 1587.38 22.8024 
121.191 0.861511 3.6087 1564.12 25.6671 
135.538 0.984802 4.41223 1598.94 47.5629 
143.722 0.606221 3.87097 1570.84 31.249 
125.176 1.94996 2.83924 1559.92 29.5385 
132.473 1.95303 2.92327 1583.13 38.4861 
139.148 0.568237 4.61639 1592.08 41.8051 
131.859 0.161743 4.32159 1585.45 29.3915 
122.636 0.507507 3.23944 1589.52 37.0993 
139.471 1.26561 3.14507 1565.25 21.3824 
123.612 5.36238 1.50546 1564.93 29.1351 
109.668 2.33917 2.08527 1594.29 46.3919 
112.291 1.03546 2.66663 1573.31 38.2025 
133.32 1.69221 3.70746 1573.88 30.6651 
119.835 2.2821 2.24792 1595.18 48.0536 
114.685 3.59528 1.41541 1569.39 43.4018 
122.809 5.95207 0.90978 1588.31 33.1296 
138.598 3.18816 2.64422 1582.72 35.8357 
122.677 2.77781 2.29622 1589.44 38.6489 
131.439 4.01703 3.32001 1574.44 37.7356 
128.003 4.8407 1.95953 1592.22 30.188 
109.668 2.33917 2.08527 1594.29 46.5082 
118.066 1.5155 2.25098 1571.26 44.0857 
137.697 0.85907 3.26935 1584.08 35.563 
112.291 1.03546 2.66663 1573.31 38.2025 
145.105 2.17792 3.97734 1558.34 35.5628 
122.925 3.19427 2.09045 1595.68 44.2569 
117.792 3.3852 2.40747 1582.23 29.3996 
132.473 1.95303 2.92327 1583.13 38.4861 
108.577 5.94574 0.221863 1570.71 32.5473 
145.105 2.17792 3.97734 1558.34 35.5628 
113.785 2.41547 1.91833 1555.38 38.9203 
132.77 0.962524 3.3371 1575.07 25.3384 
141.059 6.4727 2.74226 1580.22 23.7034 
145.973 1.76788 3.65509 1595.55 33.7439 
149.95 3.47382 2.99896 1587.38 22.8024 
148.05 0.988464 4.54498 1554.66 35.6216 
149.95 3.47382 2.99896 1587.38 22.8024 
149.95 3.47382 2.99896 1587.38 22.8024 
136.571 3.30078 3.47687 1575.49 47.3431 
118.437 1.0376 3.40515 1573.81 35.5072 
115.103 3.53654 1.81926 1579.33 36.1252 
113.235 2.1018 2.34493 1575.87 41.6157 
107.843 0.467224 2.5592 1574.96 24.0256 
146.671 3.508 2.78381 1556 41.925 
109.346 6.14441 0.427551 1563.85 36.8292 
136.39 3.36248 2.57058 1577.6 35.6523 
128.996 2.20349 2.75325 1577.79 46.1501 
116.005 4.62799 1.3797 1595.97 29.1223 
130.981 2.00217 3.22232 1577.11 31.1114 
116.826 3.48145 1.6922 1564.51 26.5781 
138.061 3.80977 3.31361 1581.16 34.2501 
106.122 2.28638 1.88995 1593.11 42.8983 
117.661 2.34436 2.28119 1593.97 46.8643 
135.332 5.88684 1.96716 1577.74 37.9764 
107.843 0.467224 2.5592 1574.96 24.0256 
131.439 4.01703 3.32001 1574.44 37.7356 
102.068 6.41327 0.345154 1577.82 36.3339 
122.636 0.507507 3.23944 1589.52 37.0993 
117.661 2.34436 2.28119 1593.97 46.8643 
111.514 1.8811 2.2287 1574.84 41.9287 
138.873 1.94672 3.33954 1577.28 23.4689 
146.671 3.508 2.78381 1556 41.925 
130.679 3.01147 2.63794 1586.36 35.0476 
148.233 5.19077 2.71405 1590.81 39.0102 
103.694 4.36707 2.01935 1584.81 28.7103 
135.332 5.88684 1.96716 1577.74 37.9764 
112.981 1.31195 2.35901 1556.22 28.0594 
132.59 6.44257 1.61163 1567.78 30.5927 
122.677 2.77781 2.29622 1589.44 38.6489 
117.661 2.34436 2.28119 1593.97 46.8643 
137.531 1.14044 4.04694 1565.56 49.7775 
112.825 2.69348 2.08008 1561.47 45.3839 
109.668 2.33917 2.08527 1594.29 46.3919 
112.981 1.31195 2.35901 1556.22 28.0594 
122.677 2.77781 2.29622 1589.44 38.6489 
123.352 6.82922 0.4245 1593.39 32.1399 
134.325 0.168457 5.74799 1556.81 37.9919 
142.024 4.58557 2.40662 1552.95 31.6574 
130.981 2.00217 3.22232 1577.11 31.1114 
102.879 3.66577 1.19385 1563.61 41.8234 
131.439 4.01703 3.32001 1574.44 37.7356 
143.166 5.17952 2.29562 1585.71 37.3763 
122.925 3.19427 2.09045 1595.68 44.2569 
149.873 7.72491 2.04407 1558.53 31.6473 
141.496 1.5741 5.12909 1551.29 34.0753 
119.835 2.2821 2.24792 1595.18 48.0536 
137.81 1.52771 4.04724 1580.72 41.503 
106.656 0.171814 2.55676 1572 49.1605 
146.746 8.42775 1.35655 1568.65 31.7115 
104.622 3.02765 1.82709 1574.21 45.0186 
113.333 4.44244 1.15356 1578.31 22.818 
134.907 1.5136 3.91242 1553.74 40.3833 
145.399 4.32922 2.57477 1579.29 31.5594 
145.399 4.32922 2.57477 1579.29 31.5594 
113.235 2.1018 2.34493 1575.87 41.6157 
122.677 2.77781 2.29622 1589.44 38.6489 
113.333 4.44244 1.15356 1578.31 22.818 
110.231 1.97723 1.92902 1559.98 48.7027 
118.437 1.0376 3.40515 1573.81 35.5072 
140.511 0.354614 3.93127 1571.42 46.1768 
139.674 1.92158 3.35228 1583.99 34.1497 
149.164 0.977859 4.6522 1586.7 30.9765 
142.024 4.58557 2.40662 1552.95 31.6574 
122.636 0.507507 3.23944 1589.52 37.0993 
128.729 3.57411 2.97117 1583.24 30.741 
143.712 5.47002 2.06375 1589.68 36.7848 
139.166 3.05359 2.96906 1586.63 33.3127 
107.843 0.467224 2.5592 1574.96 24.0256 
122.677 2.77781 2.29622 1589.44 38.6489 
122.925 3.19427 2.09045 1595.68 44.2569 
117.661 2.34436 2.28119 1593.97 46.8643 
145.105 2.17792 3.97734 1558.34 35.5628 
109.668 2.33917 2.08527 1594.29 46.3919 
123.116 4.65607 1.62109 1564.34 43.0704 
117.661 2.34436 2.28119 1593.97 46.8643 
139.471 1.26561 3.14507 1565.25 21.3824 
117.661 2.34436 2.28119 1593.97 46.8643 
108.02 1.27808 3.88062 1551.28 39.2242 
143.924 0.607897 3.83808 1569.91 30.7833 
106.656 0.171814 2.55676 1572 49.1605 
146.496 3.07214 3.00205 1565.91 39.8759 
109.668 2.33917 2.08527 1594.29 46.3919 
123.352 6.82922 0.4245 1593.39 32.1399 
122.636 0.507507 3.23944 1589.52 37.0993 
133.73 6.26404 1.81183 1552.08 23.5834 
131.906 1.49078 3.08936 1562.16 42.6497 
116.005 4.62799 1.3797 1595.97 29.1223 
118.152 7.9776 0.656128 1593.38 25.376 
112.21 2.49848 2.253 1560.48 41.3474 
123.612 5.36238 1.50546 1564.93 29.1351 
142.024 4.58557 2.40662 1552.95 31.6574 
134.012 5.34821 2.01752 1583.82 44.7028 
131.215 3.46977 4.03607 1566.58 34.7942 
122.925 3.19427 2.09045 1595.68 44.2569 
119.835 2.2821 2.24792 1595.18 48.0536 
145.105 2.17792 3.97734 1558.34 35.5628 
123.116 4.65607 1.62109 1564.34 43.0704 
135.052 1.5402 3.86922 1581.01 31.687 
136.795 8.18146 1.24634 1585.94 31.2518 
122.074 0.562825 3.55513 1594.17 22.5638 
128.454 5.52605 1.97189 1590.03 37.3555 
141.295 4.61691 2.42144 1574.41 42.9282 
119.835 2.2821 2.24792 1595.18 48.0536 
134.362 1.82953 3.29326 1573.4 40.525 
141.295 4.61691 2.42144 1574.41 42.9282 
132.572 1.93552 3.6968 1563.35 34.6549 
127.557 0.639038 3.76221 1590.34 24.6262 
112.981 1.31195 2.35901 1556.22 28.0594 
137.405 6.0379 2.81586 1563.16 35.7507 
131.859 0.161743 4.32159 1585.45 29.3915 
133.422 1.17596 3.05852 1586.19 37.9742 
122.925 3.19427 2.09045 1595.68 44.2569 
137.531 1.14044 4.04694 1565.56 49.7775 
120.063 2.01823 2.54389 1593.89 47.1742 
131.439 4.01703 3.32001 1574.44 37.7356 
132.072 0.272522 3.20129 1565.42 24.3488 
123.352 6.82922 0.4245 1593.39 32.1399 
111.514 1.8811 2.2287 1574.84 41.9287 
146.671 3.508 2.78381 1556 41.925 
134.137 9.38477 0.426025 1557.14 20.7059 
143.712 5.47002 2.06375 1589.68 36.7848 
145.399 4.32922 2.57477 1579.29 31.5594 
146.671 3.508 2.78381 1556 41.925 
129.42 2.16217 2.79297 1578.03 46.2317 
145.399 4.32922 2.57477 1579.29 31.5594 
117.661 2.34436 2.28119 1593.97 46.8643 
137.531 1.14044 4.04694 1565.56 49.7775 
143.166 5.17952 2.29562 1585.71 37.3763 
109.021 2.97913 1.82098 1587.24 24.0421 
