144.103 7.22494 
131.877 7.69505 
124.779 8.01419 
135.071 4.96428 
125.009 5.00884 
133.659 5.4936 
144.052 0.302124 
128.942 8.94223 
128.838 6.42517 
128.942 8.94223 
127.137 4.08495 
128.79 8.79016 
138.447 6.37562 
133.289 6.02952 
128.821 8.82113 
123.549 9.84344 
136.531 9.99298 
125.024 5.02378 
135.097 3.40036 
149.725 7.54089 
128.942 8.94223 
121.352 2.33917 
142.024 4.58557 
115.935 9.46045 
139.48 6.69284 
125.02 5.0201 
140.722 6.8068 
105.843 7.25555 
132.868 5.8837 
118.931 6.20608 
125.786 5.27544 
127.387 4.67225 
115.262 4.75098 
134.82 8.58339 
128.79 8.79016 
105.609 9.04633 
122.239 5.26197 
113.803 6.06682 
125.786 5.27544 
142.332 9.41986 
125.258 5.04242 
128.942 8.94223 
146.292 6.60431 
140.651 6.82831 
102.742 3.96466 
142.568 4.05622 
128.79 8.79016 
126.107 4.85894 
139.653 8.01457 
128.79 8.79016 
125.009 5.00884 
129.311 7.99157 
135.826 7.62071 
122.854 6.60226 
149.101 9.65424 
114.764 5.11524 Y2: 1566.49 Y3: 44.0857 Y4: 141.522 
128.79 8.79016 
125.02 5.0201 
125.013 5.01254 
113.854 8.81736 
128.942 8.94223 
102.605 2.51282 
127.467 5.2005 
128.942 8.94223 
131.831 8.21402 
137.199 5.66175 
124.403 4.51355 
114.737 0.146179 
144.922 6.1087 
140.616 9.13762 
144.331 1.06964 
144.922 6.1087 
131.087 6.11298 
135.999 4.5578 
138.267 5.60904 
118.914 7.55026 
102.742 3.96466 
125.02 5.0201 
115.262 4.75098 
124.779 8.01419 
133.124 0.0274658 
125.011 5.01079 
124.914 3.28715 
125.009 5.00884 
112.555 3.31174 
133.69 7.36101 
125.02 5.0201 
136.531 9.99298 
113.798 9.42527 
130.489 6.39008 
147.429 1.08644 
136.847 7.78448 
142.079 0.885961 
123.484 1.84271 
128.942 8.94223 
115.955 4.72428 
107.591 0.469666 
141.444 8.5495 
125.011 5.01079 
111.834 3.44427 
144.922 6.1087 
145.631 7.8772 
128.79 8.79016 
115.262 4.75098 
149.101 9.65424 
144.319 7.2526 
129.233 3.27855 
128.296 8.0001 
116.246 8.98987 
125.013 5.01254 
144.103 7.22494 
128.424 5.20629 
134.112 7.93246 
125.013 5.01254 
107.794 6.44318 
130.228 3.53973 
124.663 3.23486 
116.791 5.97374 
106.319 8.93707 
125.02 5.0201 
137.082 5.70079 
129.05 5.6081 
141.537 7.00592 
125.019 5.01943 
125.013 5.01254 
144.052 0.302124 
104.63 3.89374 
130.296 7.58514 
128.79 8.79016 
115.262 4.75098 
144.922 6.1087 
127.244 5.61266 
134.464 0.317383 
128.942 8.94223 
131.37 6.3945 
125.02 5.0201 
141.522 7.30804 
125.009 5.00884 
125.013 5.01254 
142.079 0.885961 
144.922 6.1087 
126.381 5.79736 
133.158 5.96146 
125.026 5.0256 
125.009 5.00884 
142.332 9.41986 
126.949 6.99948 
140.462 4.46442 
117.826 4.36968 
125.02 5.0201 
105.821 6.4093 
112.598 6.87801 
138.082 0.407496 
140.735 3.8626 
130.107 6.98384 
144.319 7.2526 
136.531 9.99298 
115.955 4.72428 
115.576 1.97662 
137.907 5.72246 
128.79 8.79016 
131.175 4.18296 
125.171 7.57815 
121.001 9.94422 Y2: 1586.35 Y3: 35.8057 Y4: 125.954 
141.256 6.72092 
124.272 1.80664 
146.033 7.45148 
126.215 3.74487 
128.942 8.94223 
125.009 5.00884 
139.58 0.649203 
147.157 3.83331 
138.046 7.71275 
127.737 5.41373 
105.519 8.90289 
139.558 4.79336 
128.79 8.79016 
144.922 6.1087 
135.827 7.23908 
125.02 5.0201 
104.839 4.27917 
138.521 8.25631 
143.56 6.10477 
141.522 7.30804 
139.831 8.37924 
143.654 4.90485 
128.79 8.79016 
128.79 8.79016 
116.414 5.10383 
128.79 8.79016 
108.449 8.03223 
125.013 5.01254 
144.319 7.2526 
138.267 5.60904 
125.02 5.0201 
141.522 7.30804 
128.79 8.79016 
134.839 7.22443 
109.523 9.92249 
125.015 5.01463 
125.024 5.02378 
142.568 4.05622 
127.043 1.74377 
103.366 8.29193 
104.839 4.27917 
124.919 5.73883 
112.598 5.84106 
115.262 4.75098 
142.931 4.48517 
112.46 5.70679 
147.215 2.88879 
121.001 9.25293 
138.947 2.12585 
134.077 5.7407 
147.231 9.24927 
138.922 8.64197 
141.496 1.5741 
141.31 7.37335 
138.034 5.87353 
125.02 5.0201 
143.842 1.37057 
130.234 4.91028 
111.371 2.86102 
139.58 0.649203 
124.485 5.06667 
125.013 5.01254 
138.362 3.26141 
123.433 5.29963 
125.02 5.0201 
126.733 3.37171 
121.458 5.16449 
129.231 8.80294 
128.989 7.16221 
121.001 9.25293 
123.549 9.84344 
142.679 8.41827 
125.01 5.01028 
129.744 6.59729 
128.79 8.79016 
140.478 1.53969 
133.253 6.39987 
130.586 3.3401 
126.254 8.64769 
126.824 6.82385 
126.972 1.59489 
100.063 5.63568 
140.824 8.41224 
115.869 2.74445 
128.942 8.94223 
140.07 8.29742 
111.952 2.55127 
140.824 8.41224 
132.753 4.37286 
138.29 6.00281 
135.581 7.12112 
125.013 5.01254 
109.134 7.56255 
137.082 5.44775 
125.458 3.73029 
128.942 8.94223 
143.499 9.05105 
144.922 6.1087 
143.277 1.49027 
122.049 7.07069 
125.022 5.02194 
144.922 6.1087 
125.02 5.0201 
129.243 5.08539 
125.212 5.10939 
Y0: 7.11646 119.942 Y1: 1577.89 9.28741 Y2: 23.7724 Y3: 4.93361e+014 Y4: -3.4715e-015 
125.02 5.0201 
130.489 6.39008 
125.02 5.0201 
127.378 5.19346 
125.013 5.01254 
133.878 6.3426 
127.394 8.66455 
149.101 9.65424 
102.605 2.51282 
129.955 9.07715 
114.943 8.69904 
125.022 5.02194 
138.29 6.00281 
144.727 7.95267 
133.129 0.0285536 
125.02 5.0201 
133.299 4.06189 
138.727 4.68597 
128.942 8.94223 
124.947 5.0254 
144.922 6.1087 
122.165 0.664673 
130.049 8.65195 
125.013 5.01254 
134.464 0.317383 
127.639 5.21401 
137.927 5.71611 
138.931 4.32121 
129.288 7.53077 
111.591 6.08406 
115.262 4.75098 
127.412 8.0599 
141.496 1.5741 
128.963 4.01489 
130.394 5.41806 
126.896 7.94388 
145.125 6.96122 
125.013 5.01254 
143.842 1.37057 
106.674 2.90185 
104.839 4.27917 
138.02 4.99603 
106.638 2.46039 
125.013 5.01254 
124.919 5.73883 
100.063 5.63568 
140.07 8.29742 
149.725 7.54089 
125.009 5.00884 
125.02 5.0201 
143.797 7.26654 
129.307 5.51162 
142.931 4.48517 
145.521 5.22635 
122.239 5.26197 
128.79 8.79016 
128.592 7.37517 
125.026 5.0256 
128.942 8.94223 
125.299 4.94389 
100.063 5.63568 
140.824 8.41224 
138.252 6.52405 
112.157 4.29325 
144.922 6.1087 
144.922 6.1087 
105.519 8.90289 
125.308 5.30757 
129.613 5.62771 
139.001 6.75446 
128.79 8.79016 
113.669 1.53058 
125.02 5.0201 
110.859 5.75132 
106.415 4.28801 
131.909 4.41818 
125.75 5.10922 
125.2 6.13912 Y2: 128.942 Y3: 8.94223 Y4: 9.70653e+010 
123.111 4.65239 
128.117 8.72958 
128.856 8.85592 
138.786 8.76923 
128.455 6.78974 
140.736 3.67186 
138.124 6.41184 
106.415 4.28801 
115.895 9.33641 
115.576 1.97662 
128.942 8.94223 
118.287 7.12437 
115.92 6.86268 
119.073 0.601196 
134.165 5.2828 
128.942 8.94223 
124.853 4.85321 
125.02 5.0201 
129.192 8.44116 
113.582 5.38727 
138.324 9.19575 
113.856 3.61801 
125.02 5.0201 
134.944 5.37122 
125.013 5.01254 
128.942 8.94223 
139.58 0.649203 
134.88 6.06374 
146.662 8.00238 
135.254 0.923548 
125.02 5.0201 
131.391 5.3686 
Y0: 8.79016 125.121 Y1: -1.78108e-019 4.46228 
136.573 4.40656 
128.899 2.09969 
135.382 6.15784 
128.296 8.0001 
129.744 6.59729 
145.863 4.78058 
144.922 6.1087 
131.387 7.80914 
143.932 3.96057 
118.914 7.55026 
125.02 5.0201 
144.331 1.06964 
135.425 0.496216 
125.009 5.00884 
136.822 7.09842 
138.02 4.99603 
136.457 5.5672 
114.737 0.146179 
144.922 6.1087 
146.033 7.45148 
124.623 5.03031 
105.843 7.25555 
134.24 4.10897 
128.445 6.34543 
126.029 6.0289 
139.228 9.15492 
112.598 5.84106 
124.843 5.41565 
142.538 7.10153 
141.629 4.54846 
118.221 5.36838 
127.961 7.96097 
125.707 4.58956 
125.123 5.03943 
130.489 6.39008 
113.768 6.51905 
140.824 8.41224 
136.573 4.40656 
125.02 5.0201 
149.101 9.65424 
134.965 4.31924 
128.942 8.94223 
116.246 8.98987 
141.761 9.34196 
128.56 7.03217 
149.101 9.65424 
106.817 6.50032 
110.457 0.899793 
116.097 4.25651 
129.887 3.94072 
125.014 5.01446 
128.79 8.79016 
126.943 7.62443 
137.199 5.66175 
128.79 8.79016 
102.074 0.00129085 
144.611 9.43093 
140.327 7.4881 
138.792 8.70361 
104.146 3.3123 
142.024 4.58557 
139.042 7.1514 
125.02 5.0201 
Y0: 1.52771 115.665 2.6792e-008 
134.93 8.07007 
122.165 0.664673 
133.158 5.96146 
132.111 4.42566 
126.498 3.5376 
129.979 5.90881 
128.79 8.79016 
125.02 5.0201 
129.544 6.25298 
128.79 8.79016 
130.363 8.7113 
139.58 0.649203 
128.942 8.94223 
128.821 8.82113 
113.277 7.70333 
134.112 7.93246 
126.154 2.10205 
140.071 6.75901 
143.851 1.38478 
144.013 7.04397 
145.882 5.35284 
149.101 9.65424 
125.954 5.00791 
127.21 7.85201 
142.332 9.41986 
125.86 4.98888 
143.848 4.28009 
128.79 8.79016 
139.48 6.69284 
125.013 5.01254 
111.591 6.08406 
113.582 5.38727 
128.79 8.79016 
128.79 8.79016 
125.009 5.00884 
Y0: 0.469666 143.311 2.20232e-018 
114.943 8.69904 
125.016 5.01636 
106.632 0.949324 
100.172 3.98651 
114.737 0.146179 
139.042 7.1514 
125.02 5.19292 Y2: 1575.02 Y3: 35.0201 Y4: 132.364 
132.364 6.99498 
137.808 9.17379 
131.981 8.40337 
128.942 8.94223 
123.846 5.18756 
135.946 5.93529 
128.942 8.94223 
137.408 5.65191 
135.425 0.496216 
116.882 4.3858 
144.319 7.2526 
128.942 8.94223 
125.013 5.01254 
125.026 5.0256 
100.396 5.67383 
127.005 7.39998 
140.824 8.41224 
144.231 1.5142 
106.638 2.46039 
136.604 5.6552 
129.288 7.53077 
105.075 8.8532 
141.333 6.72385 
142.668 7.158 
125.325 9.05762 
120.629 4.54992 
140.766 8.77557 
135.581 7.12112 
128.79 8.79016 
124.29 4.18473 
133.753 9.25634 
125.009 5.00884 
124.931 6.28991 
111.652 9.37317 
125.02 5.0201 
125.005 7.99946 
146.201 8.63215 
115.262 4.75098 
134.942 6.57128 
139.92 4.7879 
128.492 7.71412 
125.009 5.00884 
141.333 6.72385 
124.992 5.01335 
109.388 8.25763 
128.79 8.79016 
142.332 9.41986 
138.105 8.56451 
136.58 7.11687 
105.075 8.8532 
129.466 7.16582 
139.082 1.53432 
129.307 5.51162 
144.556 8.3364 
112.485 8.71857 
140.379 6.60113 
111.155 5.87654 
124.682 6.07173 
125.016 5.01586 
111.292 7.89306 
130.489 6.39008 
124.802 4.94987 
139.854 8.89038 
127.878 3.77757 
113.277 7.70333 
134.791 3.15864 
135.135 6.66256 
134.614 1.65031 
133.705 3.84721 
122.616 4.48635 
143.42 5.31928 
103.601 2.68846 
129.722 7.95184 
121.915 8.28441 
136.42 7.60584 
135.63 5.16088 
112.598 6.87801 
133.659 5.4936 
128.506 8.65079 
143.556 6.08689 
105.075 8.8532 
133.705 3.84721 
141.879 7.26471 
126.295 3.27209 
141.519 6.61095 
144.713 7.78191 
114.09 1.73528 
136.623 5.44048 
131.574 6.69118 
130.234 4.91028 
128.942 8.94223 
115.658 5.03791 
125.02 5.0201 
123.341 4.97379 
137.292 5.8438 
139.465 7.69902 
131.992 0.752269 
116.246 8.98987 
117.647 7.43954 
110.586 7.32518 
120.409 5.42639 
131.358 8.1537 
141.063 4.74469 
130.599 8.76016 
139.287 9.17132 
149.725 7.54089 
131.114 9.33014 
136.329 2.15426 
125.009 5.00884 
128.56 7.03217 
127.405 7.16248 
125.02 5.0201 
149.101 9.65424 
147.013 8.91819 
125.009 5.00884 
120.407 4.84656 
113.991 5.97021 
133.25 9.44868 
129.613 6.53833 
110.423 4.54376 
122.239 5.26197 
128.376 8.48586 
134.559 6.21938 
140.462 4.46442 
143.17 6.01244 
128.33 8.63166 
130.055 4.92905 
129.906 5.58214 
125.851 5.13543 
130.234 4.91028 
135.348 7.71723 
145.561 6.66749 
128.79 8.79016 
131.915 4.49502 
141.336 6.13304 
130.181 7.26613 
135.469 5.48056 
127.24 5.27143 
128.942 8.94223 
138.769 4.43923 
125.018 5.01844 
123.99 7.88568 
125.02 5.0201 
126.335 6.33526 
135.999 4.5578 
125.013 5.01254 
138.24 7.18694 
112.499 3.43531 
139.302 5.81574 
131.674 7.61567 
131.36 8.18787 
129.311 7.99157 
125.206 4.98247 
137.042 4.39424 
134.88 6.06374 
128.843 5.45834 
105.519 8.90289 
120.383 8.90414 
125.174 5.17373 
144.276 9.1744 
125.92 6.78008 
125.921 5.92122 
114.776 0.485777 
125.02 5.0201 
145.226 6.59424 
130.888 8.64142 
129.181 0.00946045 
122.613 3.87458 
134.93 8.07007 
140.07 8.29742 
119.792 6.10368 
125.248 5.24756 
127.639 5.21401 
125.013 5.01254 
112.434 5.4779 
135.279 4.8094 
125.02 5.0201 
138.978 6.10976 
129.728 7.30902 
144.821 1.93298 
141.321 4.90723 
126.498 3.5376 
129.849 8.39617 
136.299 9.63015 
128.424 5.20629 
125.157 5.15706 
125.018 5.01847 
115.262 4.75098 
149.101 9.65424 
131.679 7.4865 
136.847 7.78448 
116.775 3.10392 
136.047 7.39945 
140.616 9.13762 
141.997 3.75366 
125.714 5.89234 
141.501 7.24132 
113.902 2.38271 
138.774 4.40989 
131.807 1.00545 
115.262 4.75098 
115.262 4.75098 
149.101 9.65424 
127.203 3.40781 
127.055 6.21866 
113.203 3.64777 
121.86 4.92552 
128.78 4.90165 
139.481 7.2825 
123.549 9.84344 
135.689 3.25383 
124.656 7.64649 
126.072 4.02564 
129.311 7.99157 
125.009 5.00884 
141.321 4.90723 
105.3 4.29916 
109.76 4.95911 
133.599 6.20637 
126.848 6.84813 
126.809 6.84912 
108.511 4.46777 
130.761 5.63549 
128.942 8.94223 
112.859 3.35317 
109.76 4.95911 
140.866 8.46762 
133.208 1.50757 
118.571 9.26158 
122.239 5.26197 
120.801 5.01696 
128.79 8.79016 
135.249 5.50865 
140.95 7.37465 
116.241 4.5302 
104.839 4.27917 
125.012 5.01182 
128.79 8.79016 
131.462 3.38764 
124.258 4.81318 
124.427 4.84707 
146.292 6.60431 
137.775 5.74612 
131.983 5.2524 
140.996 4.02496 
128.514 8.51441 
128.455 6.78974 
133.077 6.50868 
141.057 6.87305 
123.59 2.99469 
117.372 4.77051 
100.172 3.98651 
126.516 5.1832 
118.931 6.20608 
125.787 3.68796 
125.02 5.0201 
145.615 0.6755 
127.394 8.66455 
128.771 3.88164 
128.171 5.4428 
125.009 5.00884 
125.114 5.11444 
124.919 5.73883 
123.655 1.01773 
149.094 8.79486 
105.207 8.40316 
144.922 6.1087 
128.79 8.79016 
135.106 8.04226 
115.869 2.74445 
137.513 7.12282 
128.942 8.94223 
140.421 5.07139 
133.066 5.34687 
136.836 4.71816 
146.171 3.10072 
123.213 4.31646 
111.256 7.38211 
138.394 3.27035 
126.488 6.03277 
128.979 5.72968 
144.922 6.1087 
121.152 4.68908 
126.703 5.31651 
141.537 7.00592 
129.928 9.07359 
114.454 4.34644 
108.478 0.608215 
137.253 6.71363 
125.01 5.01032 
135.586 6.50944 
105.519 8.90289 
139.962 6.22592 
112.479 2.44829 
115.262 4.75098 
143.56 6.10477 
136.786 7.41583 
111.79 1.5536 
136.564 7.15204 
125.02 5.0201 
130.571 4.59233 
126.236 5.34721 
132.42 7.26441 
137.836 4.9208 
149.101 9.65424 
143.052 9.35336 
131.339 7.57192 
112.485 8.71857 
137.592 7.76554 
128.79 8.79016 
144.462 6.00171 
128.79 8.79016 
125.193 6.58752 
133.479 7.9491 
126.934 6.8595 
128.914 8.91387 
125.554 5.08783 
106.674 2.90185 
136.21 5.67812 
127.546 8.51435 
115.84 3.48095 
125.019 5.0185 
131.691 4.35739 
125.015 5.01473 
128.79 8.79016 
125.009 5.00884 
137.082 5.44775 
127.182 7.58181 
126.381 5.79736 
111.371 2.86102 
111.834 3.44427 
137.639 8.61937 
122.086 0.801086 
140.937 7.12896 
128.79 8.79016 
128.942 8.94223 
126.498 3.5376 
110.953 5.32959 
138.211 6.84894 
115.534 6.6468 
130.084 4.07119 
146.292 6.60431 
111.17 1.99092 
109.997 0.864686 
134.308 5.99519 
130.469 7.65772 
125.02 5.02019 
125.75 5.10922 
125.017 5.01664 
124.75 4.99233 
128.942 8.94223 
137.81 1.52771 
110.504 5.2534 
125.964 6.29787 
122.226 2.51054 
137.082 5.44775 
125.013 5.01254 
137.082 5.44775 
129.181 0.00946045 
128.958 5.26634 
131.187 5.7881 
144.197 1.44928 
116.414 5.10383 
129.93 4.23526 
127.349 5.09693 
135.376 5.74844 
133.247 6.55924 
116.246 8.98987 
128.942 8.94223 
130.805 6.68642 
132.233 5.28055 
143.666 6.32425 
142.142 6.99773 
111.371 2.86102 
100.744 5.89015 
121.738 7.25006 
128.79 8.79016 
143.466 7.0807 
137.425 6.45338 
140.415 7.26269 
127.642 5.23204 
144.922 6.1087 
139.018 3.02625 
128.79 8.79016 
142.944 5.07307 
130.117 8.84663 
133.596 1.32023 
125.219 5.09538 
144.099 7.22415 
142.263 7.89098 
122.99 5.68438 
130.181 7.26613 
125.02 5.0201 
127.66 5.32508 
131.46 8.51722 
128.938 5.96152 
138.135 7.38064 
143.081 7.32936 
140.657 2.84454 
143.967 7.2651 
129.629 8.70445 
115.011 4.76985 
144.082 7.22544 
142.763 7.07009 
112.926 4.84186 
133.707 5.22919 
143.741 8.87665 
139.322 6.14248 
104.074 3.30963 
139.862 4.84415 
127.114 8.30134 
145.748 6.35087 
134.523 4.42021 
125.019 5.01943 
125.141 7.96248 
135.225 4.86869 
135.56 1.10224 
125.905 5.12237 
134.974 6.16693 
135.94 7.23147 
112.859 3.35317 
145.774 6.33714 
142.017 6.98286 
128.179 5.62772 
109.6 8.12866 
115.262 4.75098 
127.263 7.26302 
121.549 6.47765 
136.021 4.67159 
124.474 5.02478 
146.021 4.55301 
128.883 4.09293 
125.785 5.01299 
143.874 7.25607 
125.013 5.01254 
139.804 7.74873 
124.755 4.97589 
143.568 7.28549 
127.426 1.74386 
133.185 2.31026 
122.438 3.10001 
126.603 5.20296 
143.93 5.22763 
110.727 6.85664 
131.37 6.3945 
128.79 8.79016 
140.824 8.41224 
143.86 4.428 
141.2 7.17449 
142.299 7.05682 
128.106 8.10599 
143.731 7.23692 
121.662 7.06752 
127.628 4.13707 
128.932 5.46682 
128.942 8.94223 
135.424 6.22221 
143.568 7.88836 
141.841 7.18564 
137.817 7.90496 
128.305 8.71366 
143.917 7.23094 
129.713 8.69579 
124.417 5.08334 
129.742 7.37196 
137.405 6.0379 
104.927 3.91884 
132.587 5.71517 
137.81 1.52771 
125.015 5.01463 
133.652 5.44667 
111.17 4.44567 
130.979 7.53046 
130.296 7.58514 
143.236 7.12506 
111.7 3.19458 
125.02 5.0201 
139.061 7.34231 
130.392 5.64079 
130.394 5.41806 
129.862 6.62372 
113.669 1.53058 
115.895 9.33641 
125.02 5.0201 
144.071 7.22617 
144.103 7.22494 
129.951 3.85223 
105.821 6.4093 
144.103 7.22494 
149.101 9.65424 
127.287 8.01857 
144.103 7.22494 
144.103 7.22494 
138.922 8.64197 
144.103 7.22494 
115.114 4.10769 
125.02 5.0201 
144.103 7.22494 
128.79 8.79016 
110.953 5.32959 
144.103 7.22494 
144.103 7.22494 
144.103 7.22494 
144.103 7.22494 
144.073 7.22609 
112.888 4.55953 
144.103 7.22494 
114.737 0.146179 
144.103 7.22494 
112.859 3.35317 
144.103 7.22494 
125.013 5.01254 
144.103 7.22494 
144.103 7.22494 
144.103 7.22494 
115.262 4.75098 
144.103 7.22494 
141.522 7.30804 
143.932 3.96057 
144.103 7.22494 
108.503 3.36975 
144.103 7.22494 
144.103 7.22494 
144.103 7.22494 
135.581 7.12112 
144.103 7.22494 
106.632 0.949324 
144.103 7.22494 
126.498 3.5376 
144.103 7.22494 
124.474 5.02478 
136.244 6.22396 
125.022 5.02194 
125.016 5.01586 
144.103 7.22494 
144.103 7.22494 
147.688 2.0722e-010 
122.414 4.66115 
127.642 5.23204 
136.974 6.03675 
125.02 5.0201 
134.673 5.22285 
125.02 5.0201 
137.199 5.66175 
128.942 8.94223 
115.262 4.75098 
133.652 5.44667 
136.244 6.22396 
138.447 6.37562 
106.98 3.37587 
138.786 8.76923 
144.922 6.1087 
141.522 7.30804 
137.199 5.66175 
111.932 8.17132 
125.009 5.00884 
135.425 0.496216 
144.556 8.3364 
137.81 1.52771 
128.276 5.12386 
125.02 5.0201 
125.02 5.0201 
138.566 5.69387 
141.05 3.82364 
112.39 0.552368 
139.92 4.7879 
135.999 4.5578 
125.02 5.0201 
133.479 7.9491 
128.79 8.79016 
128.79 8.79016 
144.463 2.22349 
126.881 7.58766 
125.013 5.01254 
128.797 4.78837 
128.638 7.22725 
127.263 7.26302 
143.819 8.66455 
125.02 5.0201 
106.986 4.87039 
122.414 4.66115 
111.516 3.14794 
100.063 5.63568 
128.942 8.94223 
149.101 9.65424 
123.484 1.84271 
141.519 6.61095 
121.001 9.25293 
133.482 6.5815 
142.332 9.41986 
149.101 9.65424 
134.543 6.41162 
143.353 2.54621 
133.596 1.32023 
128.942 8.94223 
136.6 4.05579 
126.698 7.26606 
101.534 1.50757 
129.95 3.79938 
141.879 7.26471 
137.885 8.31787 
129.177 8.63326 
148.236 9.21957 
114.737 0.146179 
113.768 6.51905 
128.942 8.94223 
128.79 8.79016 
111.371 2.86102 
100.063 5.63568 
133.25 9.44868 
128.942 8.94223 
128.942 8.94223 
127.961 7.96097 
133.208 1.50757 
125.024 5.02378 
148.236 9.21957 
125.009 5.00884 
111.371 2.86102 
125.02 5.0201 
125.02 5.0201 
136.252 5.35157 
120.909 5.12598 
105.075 8.8532 
136.148 5.62879 
128.942 8.94223 
137.408 5.65191 
130.489 6.39008 
129.613 5.62771 
105.843 7.25555 
144.922 6.1087 
141.765 3.82668 
139.58 0.649203 
111.834 3.44427 
125.009 5.00884 
128.79 8.79016 
134.836 3.68727 
113.768 6.51905 
138.809 5.15524 
118.287 7.12437 
133.129 0.0285536 
125.013 5.01254 
134.944 5.37122 
139.558 4.79336 
125.013 5.01254 
100.063 5.63568 
112.888 4.55953 
128.856 8.85592 
120.163 7.06969 
120.13 8.78582 
124.762 5.01297 
105.843 7.25555 
128.79 8.79016 
125.01 5.01028 
142.079 0.885961 
104.839 4.27917 
128.942 8.94223 
127.412 8.0599 
125.014 5.01446 
125.013 5.01254 
125.144 8.82891 
128.79 8.79016 
129.716 8.68985 
112.888 4.55953 
125.013 5.01254 
125.011 5.02031 
125.014 5.01446 
144.727 7.95267 
141.667 8.36396 
115.262 4.75098 
133.25 9.44868 
132.573 4.27557 
128.79 8.79016 
143.052 9.35336 
136.122 8.0393 
130.107 6.98384 
140.327 7.4881 
115.262 4.75098 
138.126 6.53656 
137.082 5.44775 
131.831 8.21402 
137.927 5.71611 
132.364 6.99498 
137.082 5.44775 
138.29 6.00281 
130.489 6.39008 
128.56 7.03217 
119.269 1.93146 
125.92 6.78008 
127.137 4.08495 
141.05 3.82364 
124.145 4.7214 
135.581 7.12112 
125.013 5.01254 
129.181 0.00946045 
121.023 7.37766 
120.14 5.30691 
121.141 0.769043 
129.93 4.23526 
125.01 5.00978 
125.703 4.84364 
128.79 8.79016 
128.79 8.79016 
145.521 5.22635 
106.986 4.87039 
133.482 6.5815 
138.334 5.88087 
128.79 8.79016 
149.725 7.54089 
141.522 7.30804 
115.869 2.74445 
113.069 5.86109 
107.591 0.469666 
107.027 5.94788 
142.332 9.41986 
101.185 1.34394 
144.331 1.06964 
111.371 2.86102 
128.363 2.38373 
128.942 8.94223 
127.719 0.379639 
144.788 6.42203 
128.657 5.43537 
125.015 5.01463 
113.277 7.70333 
147.157 3.83331 
149.101 9.65424 
108.449 8.03223 
106.632 0.949324 
140.803 7.15003 
141.879 7.26471 
143.819 8.66455 
140.616 9.13762 
115.92 6.86268 
137.082 5.44775 
112.598 6.87801 
138.566 5.69387 
107.679 8.78297 
125.013 5.01254 
136.862 6.21312 
141.522 7.30804 
104.839 4.27917 
141.626 4.52945 
107.591 0.469666 
128.942 8.94223 
131.807 1.00545 
138.334 5.88087 
124.919 5.73883 
133.208 1.50757 
125.009 5.00884 
126.21 4.52026 
116.631 4.70011 
125.786 5.27544 
125.02 5.0201 
139.58 0.649203 
125.785 5.01299 
141.783 8.47292 
126.304 8.47808 
125.02 5.0201 
126.029 6.0289 
109.824 3.08102 
128.942 8.94223 
147.429 1.08644 
133.208 1.50757 
138.353 5.36425 
144.052 0.302124 
106.986 4.87039 
140.739 6.80407 
135.097 3.40036 
128.79 8.79016 
128.942 8.94223 
142.535 4.44979 
116.161 3.57637 
131.796 7.94403 
128.474 2.64923 
125.009 5.00884 
113.237 8.31619 
142.931 4.48517 
141.629 4.54846 
112.158 5.78732 
136.604 5.6552 
126.972 1.59489 
133.25 9.44868 
113.004 2.2226 
141.629 4.54846 
128.942 8.94223 
134.308 5.99519 
129.544 6.25298 
135.661 6.17775 
125.068 5.03975 
125.02 5.0201 
140.071 6.75901 
142.699 4.39295 
109.134 7.56255 
101.846 5.52511 
135.581 7.12112 
119.073 0.601196 
105.273 3.90711 
106.319 8.93707 
146.89 8.44936 
145.001 3.79425 
128.245 8.72854 
141.522 7.30804 
139.804 7.74873 
139.018 3.02625 
128.942 8.94223 
125.013 5.01254 
126.029 6.0289 
149.101 9.65424 
125.013 5.01261 
128.56 7.03217 
105.519 8.90289 
110.953 5.32959 
128.942 8.94223 
125.982 5.98174 
137.639 8.61937 
128.56 7.03217 
125.02 5.0201 
115.307 0.40288 
142.152 8.68266 
112.485 8.71857 
144.922 6.1087 
133.158 5.96146 
128.383 5.68876 
141.269 5.90892 
115.307 0.40288 
139.22 6.52889 
130.55 6.06719 
125.212 5.10939 
145.882 5.35284 
125.009 5.00884 
140.462 4.46442 
128.79 8.79016 
128.942 8.94223 
132.233 5.28055 
128.017 4.00757 
127.136 3.71663 
119.934 2.41089 
145.81 4.03446 
124.272 1.80664 
125.013 5.01254 
124.762 5.01297 
100.063 5.63568 
145.125 6.96122 
105.331 5.5033 
126.788 5.42708 
140.078 8.0882 
144.319 7.2526 
120.14 5.30691 
145.125 6.96122 
110.423 4.54376 
133.299 4.06189 
145.125 6.96122 
104.839 4.27917 
128.942 8.94223 
100.063 5.63568 
136.531 9.99298 
133.659 5.4936 
144.197 1.44928 
102.605 2.51282 
119.435 5.50171 
128.896 8.8957 
106.986 4.87039 
138.394 3.27035 
125.017 5.36305 Y2: 1575.02 Y3: 35.0174 Y4: 115.262 
115.262 4.75098 
129.702 6.11033 
124.919 5.73883 
125.014 5.01411 
104.074 3.30963 
133.652 5.44667 
125.02 5.0201 
149.094 8.79486 
130.296 7.58514 
149.101 9.65424 
106.638 2.46039 
118.993 5.32815 
129.716 8.68985 
141.333 6.72385 
135.39 7.53997 
111.652 9.37317 
130.437 6.49811 
127.394 8.66455 
137.082 5.44775 
128.79 8.79016 
115.955 4.72428 
144.319 7.2526 
105.821 6.4093 
108.705 1.27196 
128.856 8.85592 
139.834 3.89403 
142.024 4.58557 
128.78 4.90165 
144.231 1.5142 
144.922 6.1087 
111.682 3.81659 
106.674 2.90185 
125.009 5.00884 
126.508 7.03563 
121.893 9.34828 
128.79 8.79016 
138.02 5.34168 
130.479 5.6516 
143.932 3.96057 
144.331 1.06964 
126.896 7.94388 
113.748 1.45172 
128.629 6.35803 
141.522 7.30804 
118.352 0.585938 
112.598 6.87801 
139.48 6.69284 
130.832 5.56646 
125.212 5.10939 
129.744 6.59729 Y3: 1674.02 Y4: 140.226 
140.226 1.30962 
125.02 5.0201 
134.807 7.8358e-020 
125.02 5.0201 
125.01 5.01032 
142.783 5.16462 
114.564 5.00195 
142.931 4.48517 
119.073 0.601196 
111.371 2.86102 
112.888 4.55953 
123.809 4.81368 
131.805 6.67741 
122.104 5.85907 
112.116 9.3276 
125.02 5.0201 
110.457 0.899793 
133.474 5.98683 
124.72 4.96237 
134.464 0.317383 
129.893 7.17445 
130.177 7.32303 
100.063 5.63568 
139.228 9.15492 
128.305 8.71366 
107.679 8.78297 
116.246 8.98987 
134.318 8.29203 
149.101 9.65424 
113.856 3.61801 
141.522 7.30804 
128.564 5.41288 
129.893 5.88165 
143.797 7.26654 
128.79 8.79016 
125.171 7.57815 
138.786 8.76923 
126.972 1.59489 
141.05 3.82364 
133.849 7.63894 
112.485 8.71857 
147.688 2.0722e-010 
128.79 8.79016 
138.566 5.69387 
144.922 6.1087 
149.101 9.65424 
147.429 1.08644 
138.29 6.00281 
140.616 9.13762 
128.79 8.79016 
139.804 7.74873 
122.104 5.85907 
134.165 5.2828 
134.88 6.06374 
127.287 8.01857 
110.411 6.30538 
134.318 8.29203 
130.75 3.95345 
133.482 6.5815 
131.387 7.80914 
140.598 6.49953 
125.009 5.00884 
Y0: 3.3123 121.729 Y1: -8.55753e-007 0.860596 
113.798 9.42527 
142.699 4.39295 
110.953 5.32959 
115.262 4.75098 
143.089 6.36405 
147.688 2.0722e-010 
128.79 8.79016 
119.435 5.50171 
130.479 5.6516 
111.386 4.55341 
129.544 6.94428 Y2: 35.3936 Y3: 146.89 Y4: 8.44936 
125.144 8.82891 
128.979 5.72968 
144.086 2.07458 
128.79 8.79016 
124.919 5.73883 
147.429 1.08644 
143.143 0.473022 
100.13 2.67456 
137.927 5.71611 
116.804 4.79351 
125.02 5.0201 
143.851 1.42799 Y2: 1588.5 Y3: 41.7046 Y4: 144.013 
114.943 8.69904 
125.06 1.52649 
135.229 5.34773 
138.786 8.76923 
125.903 5.90341 
143.42 5.31928 
128.79 8.79016 
128.942 8.94223 
125.02 5.0201 
125.02 5.0201 
141.378 8.68132 
125.013 5.01254 
134.82 8.58339 
128.79 8.79016 
145.81 4.03446 
133.482 6.5815 
125.02 5.0201 
113.792 5.94485 
125.65 8.57891 
116.619 7.45938 
106.638 2.46039 
143.654 4.90485 
130.68 5.56182 
121.312 5.9342 
139.58 0.649203 
135.676 5.49754 
124.258 4.81318 
139.042 7.1514 
144.922 6.1087 
141.522 7.30804 
139.962 6.22592 
126.881 7.58766 
130.135 8.52497 
131.789 7.71186 
145.001 3.79425 
125.586 4.69569 
123.549 9.84344 
105.821 6.4093 
139.55 7.81613 
127.642 5.23204 
122.239 5.26197 
144.922 6.1087 
130.117 8.84663 
132.063 3.00171 
136.6 4.05579 
100.13 2.67456 
124.72 4.96237 
128.79 8.79016 
134.67 3.07901 
123.208 5.17774 
129.583 8.73017 
144.922 6.1087 
123.549 9.84344 
129.634 6.87536 
125.136 7.05598 
128.79 8.79016 
129.14 3.20007 
128.79 8.79016 
133.652 5.44667 
111.969 7.66525 
139.018 3.02625 
143.277 1.49027 
138.962 7.03717 
125.024 5.02378 
126.623 6.7013 
144.922 6.1087 
125.02 5.0201 
121.736 5.92847 
126.427 6.49852 
128.942 8.94223 
139.58 0.649203 
130.422 4.89214 
133.538 6.47397 
128.404 5.66598 
136.61 6.2068 
121.093 6.89974 
138.707 1.64337 
141.522 7.30804 
131.36 8.18787 
126.951 6.951 
129.132 5.32794 
129.596 5.77036 
138.394 3.27035 
115.262 4.75098 
113.203 3.64777 
129.162 8.72829 
129.674 7.3877 
129.042 6.9532 
124.914 3.28715 
122.091 8.82321 
139.587 7.01904 
127.07 5.23508 
128.942 8.94223 
112.859 1.49262 
130.117 8.84663 
102.563 1.78268 
143.047 6.16905 
129.978 8.4035 
140.977 6.95337 
125.022 5.02194 
102.341 1.77643 
128.363 2.38373 
138.313 8.77528 
132.94 6.60599 
141.522 7.30804 
103.907 7.6549 
130.437 6.49811 
112.274 4.16377 
126.698 7.26606 
146.215 6.08526 
148.087 0.717813 
132.583 4.33485 
129.175 6.8563 
131.391 5.3686 
107.064 5.50562 
127.745 6.05061 
128.56 7.03217 
122.049 7.07069 
124.875 6.96993 
128.348 8.65824 
134.181 5.98963 
137.775 5.74612 
140.171 4.47488 
132.999 1.85147 
133.448 7.21418 
121.514 9.13084 
131.909 4.41818 
128.942 8.94223 
127.228 5.08809 
117.448 5.59027 
146.292 6.60431 
141.004 5.07415 
115.335 4.75896 
103.366 8.29193 
137.937 6.80953 
128.08 8.83235 
111.248 4.06707 
129.951 3.85223 
144.922 6.1087 
131.845 7.96531 
129.219 0.595398 
128.942 8.94223 
124.462 5.03204 
114.764 4.76959 
128.899 2.09969 
127.89 6.41294 
131.326 5.60212 
145.882 5.35284 
132.997 8.09087 
120.649 6.8986 
125.339 4.94114 
131.296 6.38119 
128.776 8.84655 
127.944 5.78179 
141.897 6.88186 
140.645 5.13368 
100.063 5.63568 
128.349 8.52252 
104.951 2.03552 
123.076 8.51389 
129.231 8.64534 
121.738 7.25006 
139.48 6.69284 
132.513 5.57495 
122.533 5.73558 
143.455 6.30181 
126.154 2.10205 
127.711 7.41076 
112.555 3.31174 
109.28 0.361061 
138.233 7.19559 
128.276 5.12386 
121.657 4.95521 
141.92 0.522596 
120.21 7.66846 
105.075 8.8532 
133.212 6.53141 
140.136 6.08351 
127.043 1.74377 
133.747 4.62869 
142.538 7.10153 
119.073 0.601196 
125.174 5.17373 
128.87 7.36904 
141.522 7.30804 
127.47 2.44783 
112.217 1.44496 
133.627 6.36248 
121.662 7.06752 
144.707 6.12454 
135.071 4.96428 
114.734 6.92045 
121.549 6.47765 
149.725 7.54089 
135.935 6.79291 
125.248 5.24756 
128.942 8.94223 
124.762 5.01297 
121.431 5.27978 
144.796 6.90545 
125.013 5.01254 
115.262 4.75098 
107.707 1.65013 
141.31 7.37335 
132.233 5.28055 
124.843 5.41565 
143.033 7.42526 
129.805 8.78139 
128.942 8.94223 
125.157 5.15706 
116.153 5.66616 
116.867 7.23243 
125.954 5.00791 
114.63 8.307 
143.932 3.96057 
124.431 2.05249 
125.715 5.77629 
143.639 7.31994 
127.015 1.79019 
130.403 8.3245 
144.052 0.302124 
127.546 8.33489 
139.779 6.96466 
142.873 8.51026 
125.02 5.0201 
125.02 5.0201 
116.246 8.98987 
115.262 4.75098 
135.655 8.14105 
129.536 7.34269 
140.103 7.73417 
133.346 0.747719 
121.278 2.53124 
138.792 8.70361 
127.349 0.381292 
138.173 5.61225 
144.086 2.07458 
124.076 5.15323 
144.922 6.1087 
128.733 8.73334 
120.495 5.96682 
149.101 9.65424 
110.523 4.54703 
118.488 7.37931 
134.332 5.6921 
115.262 4.75098 
143.932 3.96057 
138.922 8.64197 
135.976 4.55797 
110.411 6.30538 
130.107 6.98384 
128.942 8.94223 
135.748 7.0846 
125.013 5.01254 
125.013 5.01254 
141.765 3.82668 
107.052 5.46105 
133.236 9.4411 
131.994 0.72707 
128.376 8.48586 
141.359 4.65764 
141.874 6.96854 
125.019 5.01943 
125.02 5.0201 
125.844 2.12567 
134.318 8.29203 
104.074 3.30963 
130.659 5.67146 
125.013 5.01254 
125.225 2.37473 
128.79 8.79016 
133.205 5.52531 
144.069 0.800005 
147.429 1.08644 
133.208 1.50757 
132.448 9.53979 
125.458 4.50525 
144.922 6.1087 
100.542 5.63194 
137.082 5.44775 
113.756 8.34665 
128.871 8.87061 
136.494 7.1199 
103.928 1.98364 
142.332 9.41986 
132.349 8.56785 
128.79 8.79016 
146.264 0.314934 
125.009 5.00884 
102.954 2.8941 
128.942 8.94223 
126.698 7.26606 
120.955 3.42522 
117.018 8.92883 
128.803 5.80116 
125.024 5.02378 
134.054 1.98463 
138.973 7.71822 
135.008 3.00163 
142.758 7.81968 
105.075 8.8532 
129.927 8.43041 
144.922 6.1087 
138.925 6.27623 
144.922 6.1087 
125.009 5.00884 
119.355 6.24363 
131.313 5.06769 
129.862 6.62372 
142.689 9.11594 
115.262 4.75098 
130.296 7.58514 
113.288 7.15522 
115.869 2.74445 
129.093 4.51423 
111.139 8.80194 
134.662 6.87196 
143.434 5.29432 
129.528 7.57242 
125.02 5.0201 
130.941 8.16041 
124.972 5.30875 
146.491 3.21402 
123.549 9.84344 
123.916 8.63907 
129.042 8.76288 
127.475 4.98983 
132.771 9.07881 
110.504 5.2534 
135.254 0.923548 
122.397 5.85766 
140.078 8.0882 
132.669 4.49511 
128.942 8.94223 
125.02 5.0201 
138.727 4.68597 
124.145 4.7214 
134.277 2.16583 
131.183 8.30887 
132.472 7.04395 
141.083 4.56372 
115.262 4.75098 
140.877 6.60294 
132.667 6.21211 
126.055 5.20862 
127.834 5.17464 
124.919 5.73883 
113.122 5.30952 
120.163 7.06969 
118.282 5.01103 
128.883 4.09293 
125.665 6.76248 
129.307 5.51162 
128.79 8.79016 
140.146 3.4666 
128.79 8.79016 
125.02 5.0201 
124.847 5.03514 
128.111 5.32659 
128.455 6.78974 
124.258 4.81318 
130.234 4.91028 
136.834 7.19944 
128.144 4.25246 
128.024 7.92167 
105.519 8.90289 
147.206 8.70235 
129.893 7.17445 
128.942 8.94223 
114.463 5.80542 
128.706 8.73786 
125.02 5.0201 
107.421 3.52556 
128.752 6.50216 
109.997 0.864686 
131.831 8.21402 
128.942 8.94223 
117.083 7.25464 
125.685 5.01599 
128.79 8.79016 
112.814 5.15057 
113.119 3.62263 
116.874 6.93637 
141.958 2.13037 
135.502 1.34343 
128.942 8.94223 
125.405 5.40532 
120.29 7.14577 
141.171 7.24408 
137.733 6.77916 
148.094 2.77092 
138.447 6.37562 
125.009 5.00884 
112.107 4.56045 
144.533 5.44591 
143.958 1.77931 
115.759 4.18335 
126.972 1.59489 
129.152 5.05944 
135.827 7.23908 
128.942 8.94223 
146.72 0.52242 
141.539 3.0958 
144.574 2.03779 
118.352 0.585938 
128.79 8.79016 
142.024 4.58557 
127.378 5.19346 
118.536 6.97587 
128.942 8.94223 
128.79 8.79016 
129.887 3.94072 
147.684 0.00189755 
138.793 4.60781 
125.306 5.12597 
128.942 8.94223 
134.318 8.29203 
138.134 3.49478 
147.474 0.896986 
133.596 1.32023 
147.459 1.65696 
146.438 0.596544 
125.009 5.00884 
142.351 4.49014 
117.038 4.49081 
149.19 5.55762 
147.665 0.0089991 
147.688 2.0722e-010 
128.79 8.79016 
128.171 5.4428 
125.015 5.01514 
143.98 6.52298 
130.135 8.52497 
135.016 4.32955 
136.163 5.36096 
126.625 4.65619 
130.57 5.04431 
137.927 5.71611 
123.42 4.95184 
142.834 2.86195 
141.283 3.95716 
135.153 6.1142 
136.144 4.70732 
143.553 1.85917 
146.292 6.60431 
126.294 4.72934 
144.089 0.0159683 
128.79 8.79016 
142.466 6.18976 
133.652 5.44667 
129.177 8.63326 
115.114 4.10769 
114.903 7.19713 
140.824 8.41224 
133.658 3.53626 
125.02 5.0201 
128.179 5.62772 
137.189 4.11129 
134.85 5.36591 
140.462 4.46442 
143.499 9.05105 
147.187 0.232037 
130.582 8.61254 
115.307 0.40288 
128.627 4.34999 
134.503 2.91467 
145.439 4.96757 
125.02 5.0201 
134.807 7.8358e-020 
128.942 8.94223 
118.561 7.7948 
147.589 0.019012 
144.826 6.16041 
129.609 3.68326 
140.616 9.13762 
142.923 1.34788 
125.013 5.01254 
140.441 3.03067 
144.387 1.93918 
128.276 5.12386 
146.479 0.267499 
144.504 7.13007 
144.376 5.09834 
130.048 6.48532 
120.315 5.311 
147.437 0.675128 
143.925 1.93298 
107.362 2.37917 
130.911 3.70673 
125.786 5.27544 
147.432 0.312151 
134.639 3.72101 
142.63 2.10571 
128.821 8.82113 
125.022 5.02194 
134.35 5.19244 
132.613 3.32131 
122.049 7.07069 
133.796 4.32538 
129.544 6.25298 
146.89 8.44936 
132.275 3.40489 
146.471 0.245366 
125.02 5.0201 
109.037 4.03035 
128.942 8.94223 
139.92 4.7879 
137.869 4.64941 
147.62 0.0125868 
147.688 2.0722e-010 
128.79 8.79016 
128.79 8.79016 
147.688 2.0722e-010 
116.246 8.98987 
139.92 4.7879 
147.688 2.0722e-010 
147.688 2.0722e-010 
128.117 8.72958 
147.688 2.0722e-010 
128.942 8.94223 
140.016 4.96662 
147.688 2.0722e-010 
111.383 3.90403 
104.074 3.30963 
147.688 2.0722e-010 
147.688 2.0722e-010 
147.688 2.0722e-010 
147.688 2.0722e-010 
147.626 0.0114068 
128.79 8.79016 
147.688 2.0722e-010 
143.052 9.35336 
147.688 2.0722e-010 
135.63 5.16088 
147.688 2.0722e-010 
123.076 8.51389 
147.688 2.0722e-010 
147.688 2.0722e-010 
147.688 2.0722e-010 
128.979 5.72968 
147.688 2.0722e-010 
140.735 3.8626 
147.118 8.81121 
147.688 2.0722e-010 
123.177 6.98233 
147.688 2.0722e-010 
147.688 2.0722e-010 
147.688 2.0722e-010 
132.418 5.48153 
147.688 2.0722e-010 
141.783 8.47292 
147.688 2.0722e-010 
137.804 9.40381 
147.688 2.0722e-010 
125.2 5.10218 
115.262 4.75098 
125.02 5.0201 
139.55 7.81613 
147.688 2.0722e-010 
147.688 2.0722e-010 
