4.69457
4.63529
4.41783
2.85368
1.77418
2.98512
4.96882
4.17462
4.44697
3.98345
5.70346
3.06124
4.4565
4.21293
5.50488
0.893012
4.81672
5.47415
3.98076
4.70965
5.41664
3.98345
4.70784
4.08124
4.35008
4.82239
2.39173
3.62001
1.32838
3.40317
4.14854
4.96014
1.08153
4.84663
0.740916
4.1203
3.55711
4.65817
5.91372
4.98864
4.04151
3.48825
2.66072
4.88597
4.83445
4.75295
3.76244
5.20129
1.24772
4.87092
4.70965
4.73707
1.32838
4.65817
4.98573
4.64045
5.40948
2.98512
3.76244
4.91945
4.87278
3.60011
4.9571
4.63529
4.88597
5.8782
4.65817
6.40606
4.35325
0.740916
5.84238
5.20129
4.45002
3.15702
4.1203
5.79172
3.9158
5.88248
4.29909
5.91372
3.02261
5.93173
3.04175
3.06124
3.71499
5.85401
3.06183
4.83445
4.44697
4.1203
4.71926
4.69403
3.26015
5.11103
6.36808
4.82239
4.76244
2.82358
4.05233
4.47774
4.1203
4.84663
2.14676
4.40999
0.799873
5.34165
5.74122
4.69457
0.740916
3.88419
4.14854
3.07229
3.15187
3.19305
4.31459
2.44144
3.2842
4.87637
2.66072
4.0672
4.71032
4.44105
4.81672
5.03208
1.08153
4.64461
3.60011
3.19305
6.17622
1.77418
4.15794
2.89877
4.70784
4.84044
4.42861
3.94709
3.25552
4.2628
4.70965
3.2842
4.87883
4.86999
3.13606
5.90872
1.12279
2.9008
4.91564
0.769237
3.48825
4.22662
3.2842
4.82239
5.42795
4.65817
1.77418
5.04205
4.67917
5.29862
4.75027
3.9158
4.65817
3.2842
4.96882
4.98573
3.60011
3.25552
4.73707
4.33
4.9558
3.6547
5.47655
11.0375
3.60011
1.08153
3.40317
3.13606
1.12279
3.62697
3.84169
4.97034
3.9158
4.05233
4.47985
6.40065
3.91195
5.58527
4.2628
4.93814
2.44144
3.15187
2.69528
2.82358
4.58634
4.02979
4.76879
5.26139
4.84888
5.30722
3.26015
4.70965
4.70441
1.60281
5.08317
5.34404
1.03176
5.85699
3.48825
3.63603
4.02979
5.48596
5.15629
5.58527
2.44144
4.40999
3.98789
4.93814
4.63529
4.191
4.44697
2.98512
3.56872
5.75451
1.60281
4.67231
0.799873
5.12492
3.03718
6.30026
5.56367
1.08153
4.63032
5.433
3.98345
6.73022
4.72224
4.79718
2.84013
4.69457
4.87637
4.86071
4.71502
4.75027
3.80876
2.62468
4.07116
4.98864
1.32838
5.7307
5.04563
5.91372
5.92284
3.19305
4.1279
3.04175
5.91372
4.73626
4.97563
4.57751
5.50776
3.37909
0.576467
2.88609
5.91372
3.48825
5.51267
5.41664
1.08153
3.23127
3.02764
5.54359
0.893012
4.84663
4.191
4.15794
5.06029
4.71032
4.66614
3.13606
4.70784
3.06183
4.69403
3.88419
3.13606
2.87942
5.06203
3.63603
3.19305
5.03208
2.62468
5.2929
5.74365
4.50259
6.04353
4.63686
4.35008
4.63032
3.2842
3.83369
4.73626
3.29959
5.91372
3.11949
2.66072
4.39176
5.72896
4.64082
4.39126
4.98072
1.77418
5.34165
4.56648
4.05233
4.91497
5.59974
4.9558
4.63032
4.14857
4.70784
4.79951
4.97563
4.4565
3.98345
4.87092
5.79176
4.91564
2.62468
5.52562
4.2463
3.98852
4.90502
4.57751
5.54519
3.80548
5.91372
4.39176
1.08153
2.85368
4.91499
1.77418
5.86828
4.14854
3.90022
4.71032
3.7565
5.56873
4.86812
5.28708
4.64045
4.02359
4.01085
0.576467
4.79951
2.44144
1.08153
4.87637
5.0136
4.65817
5.9411
5.34624
0.576467
8.50511
5.44623
5.1737
4.83445
1.03176
4.57474
4.71496
4.85792
1.32838
4.93743
4.08124
4.33
5.03208
3.98076
5.37198
5.91372
2.66072
3.62001
2.66072
5.46232
4.82239
5.88248
6.00295
5.18338
3.62001
4.9165
5.38084
4.17462
4.60225
3.11949
4.83445
2.73437
4.6202
3.62001
5.1689
3.14867
5.91372
4.2628
2.39173
4.65817
5.70987
4.71032
4.86812
4.14857
5.91372
5.89527
4.1203
3.02764
4.46825
4.39936
2.88609
5.7307
4.9165
4.07116
5.34624
3.11949
4.98864
1.08153
4.35325
5.30722
5.39138
4.39936
0.769237
4.61428
0.893012
5.07975
3.44007
2.9008
3.76244
5.433
2.88609
6.9385
4.99271
0.769237
4.64082
3.26652
4.76244
3.9158
3.98789
4.1279
2.88609
3.88419
6.0515
4.47217
4.89399
3.9158
4.2463
4.86189
5.37666
4.49955
4.46825
4.14854
5.27348
2.84013
0.576467
1.60281
5.91372
5.80538
4.1279
3.23127
5.1737
4.70518
5.30232
4.45762
3.72488
3.25552
4.14854
5.05165
4.0672
3.11949
3.98076
4.59739
4.99523
4.99523
3.33313
2.89877
5.82612
4.83445
3.62697
5.93173
2.82358
5.18567
3.75657
4.29909
1.12279
3.76244
4.40999
3.63603
6.19773
5.64524
3.37909
4.94689
5.28708
5.82612
4.90294
3.98076
3.55539
5.00849
3.44007
4.05233
6.50558
3.75657
5.02362
4.35008
5.1527
4.93814
1.33624
6.6859
5.43803
5.14322
2.73437
0.576467
3.19602
2.84013
4.97287
3.54761
4.04162
5.4871
3.15754
2.04026
4.44697
3.98345
4.36626
4.47822
5.45554
4.67875
5.88729
0.893012
4.60572
4.86448
3.98076
3.16316
5.625
4.58258
0.880356
1.35395
4.35008
5.27348
5.91372
2.42201
2.93544
3.46238
4.14854
4.86999
1.7341
1.60281
1.67561
1.97702
3.55711
4.86189
4.34652
4.87861
5.67074
3.48825
4.97368
3.00131
3.47299
4.75295
4.13179
5.29381
3.9295
4.87092
4.70965
4.73707
2.92342
5.39581
5.62543
4.19782
5.59566
5.85699
3.09293
5.42855
5.82917
5.67447
6.4832
4.63529
3.53107
4.68575
4.10623
4.91945
6.24186
0.740916
5.84238
5.5251
3.54367
3.59445
4.74903
3.56001
3.9158
5.88248
5.70451
4.5179
5.62934
4.77407
5.4304
3.06124
4.47774
2.94699
6.31231
2.42201
5.26029
4.1203
3.97268
2.87019
3.26015
5.85699
3.30659
4.50133
1.05441
4.66742
1.98891
4.22062
4.1203
4.84663
1.75211
4.55387
5.881
4.56422
5.74122
5.7358
4.7335
4.50185
3.89336
3.07229
6.06538
3.19305
7.31205
5.51542
6.06745
4.79835
5.46054
4.0672
4.64289
4.44105
3.06366
1.30338
2.44144
1.50198
4.02544
5.02662
5.70346
4.61527
5.67914
5.29238
5.92407
7.10502
3.1571
3.94709
5.20438
5.18291
4.95109
5.2094
5.48259
4.90502
7.10502
4.37501
1.12279
2.9008
5.45966
0.653603
5.03925
3.62567
5.70983
3.0139
2.53462
4.18274
3.1757
6.54881
4.67917
4.87883
4.85717
4.37522
5.1575
3.2842
4.58175
5.42648
5.03275
5.02397
4.76319
4.43143
5.12095
4.00036
5.47655
3.19305
3.60011
2.25988
7.10502
4.97662
4.15353
4.92093
4.83998
4.36132
3.9158
4.05233
5.03423
5.59612
5.87908
3.84129
4.88924
5.91688
5.18143
3.15187
2.69528
3.79286
3.62001
4.02979
3.57084
5.26139
5.23661
4.61475
5.0177
4.69457
6.70039
4.56993
3.07713
5.48654
0.576467
8.35732
1.00725
4.69971
3.7718
5.91372
3.07235
6.2557
4.84207
4.40999
3.98789
3.42837
4.35014
3.05153
3.02573
3.13606
3.33046
4.9272
5.1557
4.73365
0.799873
3.54651
4.56892
5.31739
4.74246
5.39437
4.63032
5.0503
3.46311
6.73022
1.44799
5.65447
2.84013
4.69457
4.62108
2.87
4.71502
5.05945
4.50693
5.48169
4.07116
2.53698
2.87914
5.32172
5.4348
5.91372
5.92284
3.19305
6.85508
5.95504
4.25045
6.25611
4.95159
4.57751
6.66309
5.28768
3.1047
5.39672
3.37628
3.1503
5.14265
5.70346
6.72768
4.29614
5.0972
5.59283
4.58175
4.84663
6.36808
5.50687
12.1831
12.1831
5.3787
12.1831
12.1831
12.1817
12.1817
12.1831
6.71712
12.1831
12.1817
12.1817
12.1831
12.1831
3.19097
12.1831
12.1831
12.1817
6.77103
12.1831
5.32645
12.1831
12.1824
5.03607
12.1831
12.1831
5.70387
12.1831
12.1831
12.1817
12.1814
12.1831
4.82108
12.1831
12.1814
12.1831
12.1831
12.1831
12.1814
12.1831
12.1831
12.1831
12.1817
12.1831
12.1831
12.1831
12.1817
12.1831
12.1831
12.1831
12.1817
12.1831
12.1831
12.1831
12.1817
12.1831
12.1831
12.1831
12.1814
12.1831
12.1831
12.1831
12.1824
12.1831
12.1831
12.1831
12.1817
12.1831
12.1831
12.1831
12.1824
12.1831
12.1831
12.1831
12.1817
12.1831
12.1831
12.1831
12.1831
12.1831
12.1831
12.1831
12.1824
12.1831
12.1831
12.1831
12.1817
12.1831
12.1831
12.1831
12.1817
12.1831
12.1831
12.1831
12.1814
12.1831
12.1831
12.1831
12.1824
12.1831
12.1831
12.1831
12.1817
12.1831
12.1831
12.1831
12.1824
12.1831
12.1831
12.1831
12.1814
12.1831
12.1831
12.1831
12.1824
12.1831
12.1831
12.1831
12.1814
12.1831
12.1831
12.1831
5.91372
12.1831
12.1831
12.1831
12.1817
12.1831
12.1831
12.1831
12.1824
12.1831
12.1831
12.1831
12.1814
12.1831
12.1831
12.1831
12.1831
12.1831
12.1831
12.1831
12.1831
12.1831
12.1831
12.1831
12.1831
12.1831
12.1831
12.1831
12.1831
12.1831
12.1831
12.1831
12.1831
12.1831
12.1831
12.1831
12.1831
12.1831
12.1831
12.1831
12.1831
12.1831
12.1831
12.1831
12.1831
12.1831
12.1831
12.1831
3.93611
4.97287
3.07898
3.21474
5.48654
5.59361
5.92107
4.98864
3.43336
4.54204
4.65017
1.60281
5.36452
5.80538
4.69457
3.23127
5.85699
4.69457
4.69457
4.69457
4.69457
3.25552
4.69457
4.69457
4.69457
3.99334
2.87942
4.69457
4.69457
4.69457
4.69457
2.89877
4.69457
4.69457
2.98512
4.69457
2.82358
4.69457
4.69457
4.69457
4.99617
4.69457
4.40999
4.43161
4.69457
4.96882
4.69457
4.69457
5.28708
5.91372
4.69457
4.69457
4.63819
4.69457
4.69457
4.69457
4.90222
4.69457
4.69457
4.69457
4.69457
5.88447
4.03831
6.6859
3.11949
5.72896
4.69457
5.41664
4.47774
5.37134
3.03718
2.87942
4.0672
4.27113
5.73679
4.39176
6.25015
1.12279
4.58634
4.84888
3.1959
4.44697
4.86071
4.79951
3.56872
1.03176
4.27113
2.82358
5.48597
5.26139
2.44144
4.41783
5.17615
4.83445
3.83369
4.6124
3.55539
3.90022
1.77418
4.39126
4.60225
5.47655
3.07898
4.47217
4.96065
3.03718
0.576467
6.76949
5.67074
4.98864
0.769237
5.88729
4.51815
5.72768
3.06183
4.71032
2.87942
3.72488
5.07975
5.15629
1.77885
5.52725
3.76244
5.85699
4.88311
5.64524
4.57781
5.74122
3.63603
4.50875
2.14676
0.576467
4.69722
3.70287
3.25552
4.94689
2.82358
4.59378
5.91372
3.56872
5.06297
5.32636
4.90222
2.98512
4.97563
5.5924
4.6124
3.40317
3.26652
5.93173
5.56367
4.14854
4.97618
5.42795
5.88194
6.54042
3.07898
4.13831
5.06203
3.25552
4.71496
3.28642
2.39173
4.95109
1.6444
3.55711
5.75451
3.60011
5.32733
3.33313
3.09371
2.98512
4.79951
4.07116
3.11949
4.6124
3.19305
3.83369
2.85368
4.10623
2.9008
4.57781
3.15702
6.55314
4.71926
4.63032
1.77334
5.4937
3.07229
3.35493
4.74205
4.05233
5.91372
4.87278
1.03176
7.10502
2.82358
3.94709
5.58527
4.97662
3.04175
2.85368
2.44144
3.33313
5.74122
1.24772
5.23561
5.26139
4.87092
4.41783
3.13606
2.69528
4.89399
5.80538
3.02261
2.39173
3.75657
4.65817
5.02724
5.63396
4.76879
6.90678
3.75657
3.29959
5.51267
5.91372
4.96102
5.433
4.96882
3.15702
6.34236
5.05581
4.21293
4.8697
4.08124
3.98076
5.23212
5.18291
4.75027
4.70578
4.95109
4.92281
4.73707
3.15187
1.24772
5.35122
5.91372
2.96367
2.44144
2.66072
4.64045
3.808
4.97618
4.1374
5.88248
4.65817
5.15629
3.19305
2.82358
6.93971
5.47353
3.09371
3.65481
2.7228
4.51815
3.88419
5.83035
2.9008
4.64045
4.65817
4.47774
4.70441
3.94709
1.08153
3.60011
4.91499
4.5482
3.75657
3.03718
6.15666
2.87942
3.28642
3.02764
5.91372
2.82358
4.24047
3.25618
3.02764
4.97563
3.37909
5.3787
5.66332
5.23561
3.2842
4.65891
5.84238
3.12552
2.98512
1.08153
5.06241
4.08124
3.37909
3.808
5.11103
4.02979
4.67678
4.67043
5.2861
5.3153
5.433
3.90022
4.57781
3.23127
2.88609
4.8697
3.2842
4.65464
4.46825
4.9571
4.96882
4.65817
4.44697
4.91497
4.98864
2.87942
3.26652
4.90294
5.42795
3.83369
4.41202
6.88334
4.87883
5.91372
5.71011
1.08153
2.73437
3.28642
2.87942
4.12665
5.06241
3.84593
4.96014
2.7228
3.06183
5.88729
4.01085
2.7228
4.47217
4.95161
4.1203
5.81242
4.91497
3.19305
4.2628
3.65481
3.55711
3.25552
5.08317
5.92309
4.70518
4.1203
4.05233
3.98345
0.740916
3.2855
2.13545
2.66072
7.89435
1.77334
7.8289
4.64045
4.64082
4.46825
5.04788
4.9165
4.21293
2.7228
4.84888
4.65817
4.5482
3.98852
5.35122
2.73437
4.56648
5.53609
1.77334
1.12279
4.82677
3.06366
3.33313
4.9165
5.45623
2.7228
4.97662
3.06124
4.69457
5.32733
4.21293
1.77418
5.63356
5.2203
4.79445
4.6124
6.05867
5.71011
3.84593
5.59915
4.67917
4.67043
4.76319
5.30722
4.59739
4.1279
4.67043
0.769237
4.5482
0.740916
7.17775
4.70965
3.83369
3.55711
4.14857
4.96102
4.50875
4.69403
5.48597
1.33624
1.77334
4.81655
4.04151
3.26015
5.48597
2.69528
4.71502
4.59296
5.82917
3.90022
5.9411
3.2842
4.99182
4.76879
0.769237
5.8782
4.70965
5.06203
2.69528
0.576467
5.88248
2.44144
3.13606
7.17154
4.91497
3.98345
3.11949
3.19305
4.14857
0.893012
3.33313
2.7228
4.90222
1.32838
4.90502
8.55211
3.55711
4.15794
5.18291
5.18829
5.9209
1.32838
3.65571
4.73626
2.7228
3.13606
3.76244
5.61033
0.893012
3.91195
4.73734
2.44144
5.28035
4.58634
3.29959
5.625
3.35493
5.128
4.84888
6.32222
5.06241
5.25875
5.0136
0.576467
3.26652
2.69659
4.63529
4.65464
2.9008
3.44007
4.40999
4.88043
4.81672
2.98512
5.92232
4.02979
4.14854
6.89124
2.9008
3.63603
5.88248
3.07229
6.23994
1.03176
4.87637
4.79951
4.22897
4.66742
4.86189
4.41783
2.62468
5.28911
3.56872
4.98864
3.98076
0.576467
5.56719
3.19305
3.6547
3.1959
5.43803
3.98345
4.29909
3.14867
5.89006
5.34404
5.5059
3.55539
4.29909
4.70965
3.91195
4.71502
3.25618
0.740916
4.98864
4.97034
4.88311
5.84238
4.6202
4.59739
3.06124
6.89105
5.81297
1.60281
2.87942
5.38475
3.44007
4.59296
4.74246
3.26652
4.35325
4.87637
4.57781
2.62468
3.62697
1.08153
2.85368
5.3035
4.75295
3.99334
3.70287
3.71499
5.35122
4.65817
0.769237
5.76782
5.28911
4.47774
2.66072
1.08153
4.49081
4.17462
4.69457
4.47774
5.37134
3.03718
4.41231
4.0672
4.71502
3.1959
5.0346
4.72892
3.59173
4.58634
4.81074
5.0988
3.6534
5.06168
4.88957
5.67725
6.12124
5.77585
4.03373
4.11793
3.78398
2.44144
4.41783
5.23139
5.59612
1.88796
6.1393
5.2929
3.25303
4.41349
4.20473
4.81655
4.61669
3.47491
4.91499
4.96065
4.67043
5.34375
4.68563
4.66285
3.65571
4.74617
6.09967
4.51815
5.03925
4.50259
2.30479
4.94689
3.1223
4.92126
4.73734
3.12822
5.52725
3.76244
4.43314
4.88311
3.19748
5.85699
5.74122
4.37922
5.28924
4.70727
4.27447
4.69722
3.70287
3.65571
5.45966
3.20443
6.0769
5.49919
3.56872
5.06297
5.21221
4.97287
5.7442
4.77525
5.5924
4.6124
3.40317
3.26652
2.60938
5.85699
4.27672
3.40929
6.82225
5.34903
3.81668
5.82834
5.76018
5.68633
4.28934
1.57316
4.17413
2.39173
3.70287
5.32721
4.36251
4.6124
5.10942
6.00427
4.3231
5.0136
3.12154
4.79951
4.98864
3.24391
6.8414
4.41876
5.12558
3.01728
5.74153
2.9008
4.57781
4.88597
4.22107
4.99185
4.63032
6.88205
5.59865
3.07229
3.35493
4.74205
4.88123
4.28984
5.25658
6.2462
5.97583
4.20938
3.94709
5.77777
4.64461
5.36108
5.08321
4.80586
5.15893
3.19328
5.13451
3.3092
5.26139
5.9297
5.05165
5.0018
5.29615
4.98078
4.94689
4.59955
4.5114
3.75657
3.98789
2.72577
5.63396
2.6039
5.63488
3.75657
3.25552
6.66611
5.91372
5.30427
3.21259
5.69302
5.46156
6.34236
3.9016
4.21293
4.8697
3.03718
4.47947
4.76244
5.18291
4.75027
4.73626
0.908881
1.97445
5.42235
5.46933
3.83369
1.71222
5.91372
5.3787
5.31987
4.24273
5.73679
3.53068
4.97618
4.06781
4.2628
4.8672
5.15629
5.04238
4.9114
3.06839
5.00171
5.80548
3.65481
5.91372
3.36062
4.70225
3.7565
3.37954
4.64045
0.746689
4.47774
5.84163
3.45725
5.03481
4.87707
5.82495
5.86753
1.77334
4.57877
5.85699
5.98263
4.94767
5.88341
4.99271
4.21293
5.04788
4.13781
5.99945
4.99271
5.52118
2.91235
6.90678
3.76361
3.2842
5.32334
4.87042
4.141
4.1203
4.26701
5.63356
4.09196
2.73689
3.8452
2.47694
4.02979
4.67678
5.6444
5.0338
5.07259
2.81938
4.47217
4.57781
3.81789
5.48957
5.72564
2.27406
1.96158
4.26672
4.9571
5.39581
3.39103
4.44697
3.69647
4.41185
6.50255
3.26652
5.45966
4.45956
5.90872
4.92126
4.08124
4.20363
5.40004
3.09291
5.92894
3.21451
4.45561
2.04247
4.68513
4.43949
6.95076
4.92126
7.09913
7.09913
2.76139
7.09913
7.09913
7.0952
7.0952
7.09913
7.09118
7.09913
7.0952
7.0952
7.09913
7.09913
3.25552
7.09913
7.09913
7.0952
7.09118
7.09913
7.08685
7.09913
7.09722
4.96065
7.09913
7.09913
7.08884
7.09913
7.09913
7.0952
7.09292
7.09913
7.08685
7.09913
7.09292
7.09913
7.09913
7.09913
7.09292
7.09913
7.09913
7.09913
7.0952
7.09913
7.09913
7.09913
7.0952
7.09913
7.09913
7.09913
7.0952
7.09913
7.09913
7.09913
7.0952
7.09913
7.09913
7.09913
7.09292
7.09913
7.09913
7.09913
7.09722
7.09913
7.09913
7.09913
7.0952
7.09913
7.09913
7.09913
7.09722
7.09913
7.09913
7.09913
7.0952
7.09913
7.09913
7.09913
7.09913
7.09913
7.09913
7.09913
7.09722
7.09913
7.09913
7.09913
7.0952
7.09913
7.09913
7.09913
7.0952
7.09913
7.09913
7.09913
7.09292
7.09913
7.09913
7.09913
7.09722
7.09913
7.09913
7.09913
7.0952
7.09913
7.09913
7.09913
7.09722
7.09913
7.09913
7.09913
7.09292
7.09913
7.09913
7.09913
7.09722
7.09913
7.09913
7.09913
7.09292
7.09913
7.09913
7.09913
7.09118
7.09913
7.09913
7.09913
7.0952
7.09913
7.09913
7.09913
7.09722
7.09913
7.09913
7.09913
7.09292
7.09913
7.09913
7.09913
7.09913
7.09913
7.09913
7.09913
7.09913
7.09913
7.09913
7.09913
7.09913
7.09913
7.09913
7.09913
7.09913
7.09913
7.09913
7.09913
7.09913
7.09913
7.09913
7.09913
7.09913
7.09913
7.09913
7.09913
7.09913
7.09913
7.09913
7.09913
7.09913
7.09913
7.09913
7.09913
4.63819
4.89877
5.87137
4.84893
5.15996
5.48854
5.28911
3.58223
3.28927
3.98076
5.74365
4.47774
4.83445
4.47774
3.1959
5.43803
4.47774
4.47774
4.47774
4.47774
5.38078
7.74012
4.47774
5.2929
4.50875
4.47774
4.47774
6.58099
0.740916
4.98864
4.47774
4.88311
5.84238
4.73626
4.47774
3.06124
4.47774
5.81297
4.47774
4.47774
4.47774
3.58223
4.47774
4.74246
4.47774
4.47774
4.47774
4.47774
5.60271
6.25515
4.47774
4.47774
4.47774
4.47774
4.99617
3.70287
4.47774
4.47774
5.92284
4.47774
4.47774
4.47774
4.47774
2.66072
4.47774
4.6529
4.47774
4.47774
