135.344 Y1: 1590.44 9.02374 
Y0: -8.37128e-039 103.712 0.256042 
105.179 5.24872 
Y0: 3.64441 136.847 Y1: -0.000108971 7.97424 
141.042 1.08093 
118.893 5.31647 
108.311 6.63025 
128.566 9.9361 
Y0: 7.26654 110.992 Y1: -9.26772e-010 3.92517 
107.117 4.62067 
123.097 2.90131 
119.621 2.66205 
118.793 0.926208 
145.938 2.75879 
141.879 7.26471 
142.357 0.213623 
118.05 3.79883 
115.753 3.74573 
118.57 2.09412 
122.702 2.28556 
Y0: -0.000224421 115.009 Y1: -4.42076e+015 5.63354 
123.509 3.25836 
115.005 3.32367 
138.437 6.26892 
147.66 Y1: 137.791 5.25818 
Y0: 3.68431e+006 137.553 5.52612 
141.733 0.350952 
121.848 0.698853 
139.38 1.41357 
113.594 9.82941 
103.033 2.27081 
144.507 0.307063 
Y0: 7.93329e-038 106.575 Y1: -7.1973e+025 1.39404 
122.589 8.05206 
133.815 9.64966 
100.172 3.98651 
101.001 9.08234 
124.797 5.71838 
112.218 5.36621 
103.694 4.36707 
121.834 2.32422 
149.86 4.133 
109.497 3.35938 
149.899 0.99664 
Y0: 0.484314 110.727 2.89669e-010 
135.716 6.86462 
122.58 4.66339 
141.438 6.24756 
124.926 5.55115 
Y0: -3.83844e-037 127.676 8.12744 
113.004 2.2226 
141.338 0.384216 
145.576 6.14685 
148.825 3.15002 
141.075 7.82196 
132.193 7.59287 
Y0: 4.48242 138.043 Y1: -3.42181e-006 2.13654 
125.06 1.52649 
Y0: 9.59045 144.406 Y1: 1586.25 4.9411 
126.118 0.407104 
130.481 9.56085 
116.106 1.04797 
138.873 1.94672 
100.551 3.47443 
145.107 7.80121 
135.393 1.00616 
106.216 1.32629 
140.605 5.14475 
Y0: 5.18524 105.197 Y1: -0.0134014 5.43335 
116.492 0.559082 
103.535 6.07727 
133.366 2.14478 
108.446 6.24084 
138.707 1.64337 
143.764 4.75067 
Y0: 8.55164 113.091 Y1: -2.77506e-010 9.66583 
128.667 3.02277 
Y0: 8.08014 143.045 1.34705 
134.698 6.87561 
120.412 3.44273 
Y0: 9.07715 144.197 Y1: -3.42921e-011 0.0112915 
121.339 0.946655 
132.774 6.93237 
102.936 3.36395 
147.307 8.37158 
140.181 0.0445557 
119.934 2.41089 
118.361 8.14362 
134.882 0.673828 
119.15 0.0427246 
142.754 0.648499 
140.134 5.47403 
Y0: 5.53436 133.904 Y1: -1.36037e-006 2.99622 
135.327 0.854492 
119.74 1.57898 
146.123 3.67523 
142.007 0.187073 
122.086 0.801086 
112.485 8.71857 
122.83 4.33777 
113.283 4.49005 
130.005 7.99652 
141.116 9.1275 
133.208 1.63719 
Y0: -11334.6 138.222 Y1: 5.81317e+010 0.217285 
103.571 3.09509 
132.77 0.962524 
132.494 1.07941 
122.064 6.84448 
118.697 1.00494 
115.935 9.46045 
Y0: -1.71349e-020 143.71 Y1: -2.27135e-038 2.05017 
144.765 7.10175 
143.892 3.90503 
146.892 7.32025 
106.966 2.17447 
Y0: -0.0414944 138.205 Y1: -1.06832e-023 2.83478 
125.897 6.54816 
117.911 6.04279 
105.157 6.01044 
136.246 1.987 
127.199 0.982971 
142.476 1.03821 
134.639 3.72101 
108.478 0.608215 
Y0: 1571.99 104.105 Y1: 35.2353 2.75665 
130.296 7.58514 
131.691 3.66155 
Y0: 3.86749 122.388 Y1: -0.000145332 6.10016 
141.046 3.34717 
109.071 6.24878 
116.589 2.74109 
139.658 4.62189 
140.802 6.72729 
144.162 5.49652 
Y0: 0.161743 138.838 6.28906 
133.456 1.80237 
145.076 7.97394 
131.435 1.85455 
113.164 7.23386 
Y0: -1.72623e-021 137.451 Y1: 9.3974e+008 6.15387 
144.183 9.97223 
149.75 0.153503 
103.606 2.74963 
118.561 7.7948 
134.045 7.51282 
132.175 9.79431 
117.162 4.14551 
134.962 3.37982 
128.5 0.539856 
107.082 1.72302 
127.357 2.73992 
Y0: 6.77094 128.233 Y1: -4.64511e-008 8.77991 
145.415 9.12506 
Y0: 4.27704 126.808 Y1: 1558.49 0.225525 
131.133 1.20331 
134.193 8.07587 
134.93 8.07007 
145.706 6.37451 
105.957 3.12439 
108.086 6.73096 
Y0: 7.82135 145.728 Y1: 1567.13 4.83307 
130.4 1.02509 
143.181 Y1: 10.5924 6.47705 
Y0: -0.374047 111.377 Y1: -6.39524e-018 7.13745 
124.866 3.43689 
114.687 6.47552 
115.959 4.01276 
113.209 Y1: 1595.92 7.43591 
Y0: -6.25007e-033 109.607 0.372009 
112.598 2.03003 
102.068 6.41327 
Y0: 2.00104 136.099 Y1: -1.79237e-009 5.36682 
Y0: 0.272522 114.374 Y1: 1566.62 7.27295 
132.678 4.10522 
108.322 5.1481 
Y0: 3.39478 100.038 Y1: -4.55674e-008 8.93433 
136.664 8.91113 
123.251 6.07635 
138.374 7.0459 
115.421 5.88104 
103.387 1.64856 
127.043 0.276489 
Y0: 6.69708 105.049 Y1: -6.9533e-025 2.46918 
103.2 3.61206 
109.061 5.80963 
111.812 3.4317 
137.405 6.21073 
Y0: 7.29889 136.38 Y1: -8.23293e-010 3.57697 
121.799 5.94116 
Y0: -2.55475e+038 113.408 Y1: -1.97599e+038 5.8316 
137.802 2.55737 
132.813 5.22156 
Y0: 0.14453 132.637 4.26514 
139.845 3.0542 
125.471 4.59961 
107.738 0.575256 
Y0: 39.0659 121.947 Y1: -9.40774e-025 4.79767 
137.518 3.66852 
107.161 1.47326 
Y0: 0.466309 125.31 3.43437e-011 
116.292 8.87787 
Y0: 2.65015 121.938 8.44757 
142.657 6.84235 
Y0: 155.783 136.505 Y1: 1595.58 7.15271 
Y0: 5.39709e+017 115.128 6.41022 
120.055 5.30304 
134.305 7.7066 
149.573 7.69501 
142.418 0.914612 
112.569 3.19977 
149.762 6.39259 
Y0: -6.44643e+012 102.536 Y1: 3.01705e+025 3.61786 
140.318 8.5199 
143.466 6.46851 
118.344 0.349731 
116.246 8.98987 
142.465 8.93921 
128.003 6.24023 
Y0: -4.62629e-028 100.27 Y1: 4953.79 1.13098 
147.94 6.07208 
136.972 1.35773 
137.415 3.33862 
102.525 6.48233 
Y0: 7.0636 143.364 Y1: -1.58697e-009 2.94281 
110.069 8.63342 
117.58 0.144958 
137.885 4.68079 
146.909 9.16656 
148.711 8.65173 
130.116 4.98535 
123.639 5.0351 
129.198 0.764465 
104.002 8.74756 
129.42 2.16217 
112.503 3.10033 
Y0: 9.4516 134.03 Y1: -5.8099e-011 8.12134 
149.76 0.592346 
105.806 2.31476 
100.343 4.74121 
135.539 Y1: 120.082 1.68488 
Y0: -945.48 123.944 2.29584 
141.272 7.73865 
104.074 3.30963 
138.31 2.52258 
119.339 4.31976 
147.086 3.35571 
146.074 9.45796 
Y0: 3.59697e+027 100.621 Y1: -1.87624e+008 7.08557 
109.021 2.97913 
Y0: 5.25604 107.849 Y1: 1590.34 4.19556 
111.226 9.93958 
112.46 5.70679 
127.559 0.8078 
126.63 0.298767 
Y0: 5.48767 132.677 Y1: -1.8056e-007 8.508 
128.548 4.08051 
Y0: -1.03422e-036 108.424 6.56158 
117.766 2.29919 
133.556 Y1: 10.5167 1.6626 
Y0: -0.00128177 139.14 Y1: -1.57483e+022 2.16278 
116.826 3.48145 
Y0: 8.06976 111.406 Y1: 1582.52 2.70966 
113.504 7.66846 
117.078 0.443726 
130.925 5.40558 
Y0: 7.48932 118.094 6.23047 Y2: 1573.46 Y3: -2.9418e+035 
121.175 7.86438 
122.972 4.20746 
Y0: -6.4756e-029 136.906 Y1: 6.01151e+026 4.09149 
143.002 3.37463 
107.838 6.46952 
Y0: 7.01111 112.646 Y1: -1.75951e-009 5.47028 
138.947 2.12585 
122.685 7.5882 
Y0: 3.83667 125.017 Y1: -0.000182797 6.97632 Y2: -1.06629e+018 
145.349 Y1: 129.655 7.74841 
Y0: 4.04162e-014 122.533 4.46289 
111.952 2.55127 
Y0: 3.79425 139.148 7.27539 
130.228 3.53973 
146.31 3.17535 
110.083 2.82349 
144.031 5.36954 
Y0: -2.52807e-025 108.17 Y1: -1.9484e+037 0.205078 
146.765 2.90619 
145.61 8.30078 
102.954 7.80762 
134.623 Y1: 1584.37 5.62927 
Y0: -8.60295e-021 138.385 1.96838 
102.38 4.83215 
Y0: 8.26583e-023 131.859 Y1: 125.267 1.37329 
120.157 4.13483 
114.156 0.0222778 
110.304 3.25897 
123.109 6.23392 
Y0: 2.76855 106.551 Y1: -0.0431923 7.08099 
115.576 1.97662 
Y0: 3.68469 134.041 Y1: 1569.24 0.155029 
143.886 3.37402 
147.22 9.48029 
120.66 8.33038 
116.638 0.793152 
141.248 4.39056 
129.094 0.126648 
135.779 7.60468 
111.133 3.02612 
100.108 0.211607 
Y0: 0.000306082 132.936 Y1: 5.46077e+014 0.698547 
131.889 3.59619 
131.648 3.11249 
107.713 3.41522 
114.153 Y1: 140.462 4.66034 
Y0: 1275.91 146.661 4.46442 
137.454 0.959778 
136.877 4.07043 
100.36 2.60956 
125.871 7.07489 
104.677 8.25958 
132.162 5.32358 
Y0: 0.0518799 121.556 1.62512e-020 
109.383 1.01715 
141.209 8.37158 
123.57 1.59973 
110.231 1.97723 
129.674 7.3877 
146.877 7.59827 
Y0: 9.03748 106.943 Y1: 8.47588e+027 2.11823 
128.508 6.57562 
148.405 6.20636 
123.277 0.447388 
141.388 5.76303 
Y0: 7.62878 125.18 Y1: -4.68184e-009 2.98859 
116.228 0.501404 
Y0: 6.08093 139.664 Y1: 1589.18 4.93073 
142.56 5.75195 
111.487 Y1: 1585.47 8.73444 
Y0: -4.52746e-037 135.333 0.473022 
124.548 6.71844 
100.06 9.54681 
112.584 8.20618 Y4: 52.4026 
145.825 1.21735 
105.31 3.68439 
148.5 0.164702 
Y0: 7.94403 137.332 Y1: -0.00350839 3.30444 
124.561 6.30127 
114.13 6.70837 
126.3 8.17627 
122.104 5.85907 
118.495 7.08069 
102.031 2.21771 
122.136 1.33057 
110.913 9.23798 
102.556 3.70361 
121.936 9.53857 
131.993 3.24939 
Y0: -4.17591e-012 124.854 Y1: -3.27873e-028 2.44507 
116.42 6.25397 
144.933 4.78058 
105.093 2.65686 
135.368 0.939636 
141.321 4.90723 
131.995 0.992126 
Y0: -7.23747e+012 137.787 Y1: 5.8676e+028 9.74579 
125.505 1.35162 
Y0: 1.69098 126.05 8.18939 
128.16 1.74713 
129.192 8.78681 
Y0: 5.92224 119.582 Y1: -8.97817e-007 3.94287 
149.394 7.11884 
108.148 3.6853 
113.04 6.24817 
135.606 3.37891 
131.534 1.26373 
143.205 5.91919 
127.673 3.49579 
125.206 2.62329 
141.76 7.23785 
116.611 2.38312 
100.395 6.98221 
Y0: 6.97906 130.521 Y1: -4.1384e-008 5.85999 
148.872 4.87885 
117.426 4.82605 
115.346 4.30145 
139.913 Y1: 104.999 3.98193 Y2: 1582.79 Y3: 42.2711 Y4: 104.999 
Y0: -1.83445e+012 138.467 6.50726 
149.725 7.54089 
143.442 6.15936 
137.81 1.52771 
117.273 2.24548 
124.403 4.51355 
137.216 3.26787 
Y0: 0.444641 127.136 9.38472e-011 
121.695 2.69714 
105.746 8.41888 
147.545 5.34607 
130.168 6.21429 
105.44 5.31647 
126.74 2.43408 
112.291 1.03546 
102.454 3.86169 
102.042 0.0439453 
122.734 6.87073 
148.799 0.754265 
Y0: -1.62559e-015 112.305 0.0109057 
113.147 1.75476 
142.931 4.48517 
118.507 8.37463 
135.699 5.5011 
142.123 2.49756 
117.421 6.97144 
148.827 8.67371 
130.391 4.81964 
Y0: 6.27319 132.936 Y1: 40.051 5.72845 
141.801 3.36487 
116.676 2.85497 
Y0: 9.16779 135.693 Y1: -3.92355e-011 1.22437 
121.062 6.43616 
148.05 0.988464 
109.718 9.35486 
118.729 1.59485 
137.152 5.02106 
127.974 8.37311 
135.315 5.3891 
120.557 6.30035 
136.92 2.07855 
128.096 3.479 
137.567 7.62785 
Y0: 2.3727e-011 122.794 Y1: 2.351e+025 1.15631 
140.57 9.31946 
131.056 0.897827 
140.996 4.02496 
146.542 9.03839 
142.426 9.68658 
114.432 7.9245 
Y0: 2.43378 132.198 Y1: -1.39286 5.72784 
148.058 2.45483 
128.862 2.27356 
144.835 3.09235 
127.924 5.65195 
Y0: 0.272522 131.752 9.10845e-015 
126.295 3.27209 
Y0: -8.11791e-020 111.578 Y1: -3.41905e-026 6.03455 
112.816 1.53564 
136.588 6.90857 
127.478 3.77228 
135.382 6.15784 
102.818 2.27936 
132.501 9.69482 
141.968 2.88757 
107.864 1.07697 
105.692 0.72802 
Y0: -1.50684e-009 148.483 Y1: 2.45651e+007 0.264587 
107.887 9.02161 
116.019 2.16766 
111.513 4.50653 
115.03 5.1947 
142.082 9.41071 
129.263 1.59302 
145.595 9.65149 
139.51 6.70898 
128.731 1.8158 
148.396 0.577393 
100.099 3.25688 
Y0: 8.88977 104.33 Y1: -4.455e-010 6.24268 
135.327 5.68542 
135.12 7.64465 
131.657 9.92462 
143.283 0.880432 
130.936 3.96515 
148.859 5.10712 
128.111 2.71301 
108.493 1.49017 
123.302 6.81824 
126.259 0.456848 
135.149 2.30962 
Y0: 6.39313 106.406 Y1: -9.10486e-009 9.53003 
126.18 0.835266 
126.086 9.47052 
145.677 5.8316 
139.275 1.7041 
118.08 7.76428 
138.02 4.99603 
118.437 1.0376 
104.63 3.89374 
128.674 4.94171 
135.362 7.38403 
111.441 0.31262 
Y0: 7.99469 145.399 Y1: -2.17886e-009 9.37164 
121.451 1.76819 
144.098 4.03809 
136.571 3.30078 
Y0: 158.291 105.896 Y1: 1578.51 4.18701 
Y0: -1.89814e-033 127.174 1.00128 
130.234 4.91028 
116.173 5.02747 
141.772 7.79083 
125.127 9.15527 
138.283 0.763855 
124.324 2.43544 
Y0: -337149 145.967 Y1: -1.08646e-028 5.46417 
100.307 1.96045 
142.92 7.78259 
143.819 8.66455 
110.141 6.37482 
115.305 4.80835 
121.141 0.769043 
141.582 6.91986 
104.176 2.84119 
Y0: 9.79004 144.261 3.3371 
130.679 3.01147 
107.626 3.10918 
Y0: 8.55927 112.845 Y1: -2.62671e-010 3.32642 
113.817 7.17837 
105.179 5.24872 
133.359 9.7876 
138.986 4.34152 
148.448 5.89699 
130.775 6.32813 
128.566 9.59045 
125.783 7.53053 
Y0: 7.65839 148.413 Y1: 1551.04 6.67664 
144.799 8.10922 
143.381 3.85937 
Y0: 0.0363159 133.305 6.08812e-028 
114.193 3.85816 
147.784 0.209683 
136.271 9.28261 
147.464 Y1: 1568 1.34369 
Y0: -6.45321e-007 128.923 3.74573 
126.999 5.41444 
118.919 0.760885 
121.657 7.05109 
127.257 2.59038 
107.551 4.71481 
138.437 6.78739 
Y0: 0.0533532 124.016 Y1: 3.13638e+030 2.30103 
110.61 9.10231 
111.723 2.9287 
139.637 6.44403 
139.38 1.41357 
122.313 6.08828 
103.033 2.27081 
115.691 3.63899 
102.876 4.28551 
114.316 6.4615 
133.815 9.64966 
100.172 4.31867 
Y0: -3.33522e-011 132.072 Y1: -7.47597e-005 8.44727 
124.797 5.71838 
112.218 5.36621 
138.083 4.71222 
120.627 2.48146 
149.86 4.133 
123.308 6.56982 
149.596 9.9881 
127.394 8.66455 
Y0: 1.22205e-023 108.229 Y1: 1.#QNAN 1.90948 
141.224 0.982345 
132.647 3.81962 
Y0: 2.26014 116.467 Y1: -0.5048 2.35779 
141.213 3.08182 
113.004 2.2226 
129.715 9.52178 
100.064 8.64166 
138.837 0.962524 
141.075 7.82196 
136.876 6.84112 
116.373 8.9646 
123.595 8.01392 
128.56 7.03217 
141.046 3.43358 
Y0: 5.84534 106.465 Y1: -0.112936 3.77167 
148.233 5.19077 
139.471 1.26561 
100.551 3.47443 
Y0: 150.637 102.348 4.42627 
Y0: -1.68554e-037 135.066 3.71002 
113.77 9.61967 
Y0: 5.36835 126.782 Y1: -1.19821e-007 7.74628 
137.422 0.409162 
133.196 2.81977 
115.415 6.42435 
125.097 1.44047 
Y0: 3.51044 146.451 Y1: -5.75494e-005 0.603943 
138.707 1.64337 
141.794 5.81638 
129.055 2.64549 
142.223 0.624695 
149.831 0.428772 
123.271 6.78188 
114.721 2.37387 
129.955 9.07715 
Y0: 1.80878 137.852 Y1: 1572.29 2.71271 
132.774 6.93237 
112.034 7.20997 
Y0: -0.000449523 139.337 Y1: -7.37863e+010 9.54132 
140.181 0.0445557 
127.972 1.41073 
105.542 5.94129 
142.34 Y1: 1583.82 1.45966 
Y0: 1.95108e+015 124.1 8.26224 
146.49 7.14346 
145.529 5.42478 
114.435 7.92478 
133.101 5.02502 
119.74 1.57898 
124.364 1.69878 
Y0: 0.187073 112.914 6.39813e-014 
130.862 5.89855 
112.485 8.71857 
122.83 4.33777 
102.551 3.40423 
133.743 4.67375 
128.729 3.57411 
Y0: 1.87073 125.96 1.29242 
140.821 5.44793 
133.595 1.68441 
132.77 0.962524 
132.494 1.12261 
Y0: 9.21967 131.929 Y1: -4.16357e-011 0.59845 
118.697 1.00494 
Y0: 3.22113 125.02 Y1: 1587.65 4.38263 
111.371 2.86102 
132.584 8.79944 
Y0: -1.27715e-020 111.421 1.79765 
146.892 7.32025 
144.146 6.53472 
136.365 5.88016 
Y0: 32.8778 119.981 Y1: -1.83712e-026 7.02118 
117.911 6.04279 
105.157 6.18326 
Y0: 1.93146 126.178 0.288391 
138.115 5.66681 
Y0: 3.51642 142.029 7.05414 
104.382 8.98682 
148.285 Y1: 121.352 1.40533 
Y0: -1.07085e-017 110.107 2.33917 
137.885 8.31787 
127.089 4.70232 
129.276 3.46277 
127.619 6.87288 
121.335 0.978308 
124.759 5.27749 
Y0: 2.58577e+029 124.5 Y1: -6.83057e-035 6.37573 
114.905 8.61603 
119.253 4.14982 
137.526 0.161743 
133.456 1.80237 
127.908 9.07995 
146.44 4.03564 
110.699 6.15348 
113.049 4.2264 
108.13 4.18832 
124.126 1.59454 
140.611 9.13593 
Y0: 0.213013 118.692 3.93821e-016 
134.045 7.51282 
131.073 2.94001 
119.701 4.96826 
144.052 0.302124 
105.27 9.73389 
107.082 1.72302 
Y0: 2.6535 124.544 Y1: -3.28973e-009 0.738525 
139.775 6.77094 
142.365 4.82375 
129.123 7.51469 
128.657 3.48862 
Y0: 7.33276 114.391 Y1: -7.77133e-010 9.61792 
134.93 8.07007 
143.348 2.25808 
107.186 5.53156 
133.108 Y1: 103.081 8.78479 
Y0: -3.20018e-037 107.681 8.1015 
131.215 3.46977 
140.237 4.47219 
119.492 5.85393 
122.375 4.64165 
114.687 6.47552 
146.716 9.23274 
Y0: 0.607897 111.43 3.19441e-005 
107.097 0.372009 
Y0: 7.51165 143.712 8.31665 
140.051 3.70392 
130.559 8.59009 
145.482 8.13053 
131.733 3.4285 
Y0: 0.6073 105.519 1.31896e-009 
130.294 2.82494 
141.481 3.48834 
123.251 6.07635 
138.374 7.39155 
Y0: -1.92025e-010 101.445 Y1: -9.06069e-012 4.54376 
106.343 2.94403 
Y0: 5.70862 147.443 Y1: 1565.55 7.10938 
146.303 3.76923 
103.2 3.61206 
139.388 4.47113 
109.475 3.33231 
137.405 6.0379 
143.268 7.29889 
Y0: 8.81408 125.687 Y1: -3.42101e-026 8.61298 
131.437 7.91004 
126.141 8.61255 
Y0: 3.82355 149.091 Y1: -0.000153478 3.37158 
108.473 4.26514 
102.672 9.27643 
110.621 1.02368 
108.993 9.06032 
112.276 3.33901 
139.554 7.51455 
119.269 6.70746 
120.21 7.66846 
107.595 3.89208 
111.301 2.65015 
142.657 7.36082 
Y0: -2.93175e-019 100.035 1.31656e-026 
148.6 7.6532 
120.055 5.30304 
134.305 7.7066 
127.03 5.11535 
145.105 2.17792 
132.057 5.65087 
125.773 2.38127 
126.149 1.53595 
118.092 2.73682 
135.533 2.32473 
103.233 1.86348 
Y0: 7.04678 134.013 Y1: -1.72482e-009 5.54382 
122.636 0.507507 
Y0: 7.52966 146.175 Y1: -2.14507e+038 1.52008 
106.379 2.44067 
146.863 8.23486 
142.59 8.43331 
122.627 2.25435 
137.542 7.79638 
107.524 6.77399 
110.069 8.63342 
101.654 0.180664 
137.885 5.02643 
Y0: -0.805418 101.436 Y1: -1.67304 5.0235 
114.943 8.69904 
136.844 5.13742 
123.639 5.0351 
149.164 Y1: 1590.78 8.98529 
Y0: -4.00753e+031 118.684 6.6861 
113.785 2.41547 
102.051 9.99023 
102.974 9.4516 
Y0: 7.43259 105.64 3.13873 
139.166 3.05359 
100.343 5.25968 
Y0: 2.22956e-030 121.712 2.76391e-022 
116.327 2.29584 
128.65 3.84691 
104.074 3.30963 
138.31 2.52258 
118.686 7.06074 
108.552 4.33747 
Y0: 2.51282 112.776 8.62 
137.119 2.41241 
115.793 1.39954 
138.019 6.37349 
111.226 Y1: 10.2852 7.2937 
Y0: 0.398596 105.569 2.12217e-012 
127.559 0.8078 
Y0: 9.95422 110.228 Y1: 1582.68 7.5769 
125.609 3.59624 
134.078 Y1: 1574.93 4.49554 
Y0: -1.03422e-036 113.643 6.56158 
128.123 4.11074 
127.861 0.75145 
119.098 4.41925 
102.702 9.55597 
131.002 7.5978 
131.816 Y1: 10.194 7.48383 
Y0: 0.870041 102.963 3.04277e-007 
106.991 0.788793 
Y0: 7.48932 134.653 Y1: 1573.46 2.55981 
100.862 6.07025 
132.322 1.39164 
141.872 2.02881 
137.831 6.25899 
107.838 6.29669 
125.009 5.00863 
125.007 5.00663 
125.007 5.00663 
125.007 5.35228 
Y0: -0.0460578 109.175 Y1: -7.88818e-023 0.240479 
125.007 5.00663 
125.007 5.00663 
125.011 5.0106 
125.007 5.00663 
125.007 5.00663 
125.011 5.0106 
125.007 5.00663 
125.007 5.00663 
Y0: 5.00663 135.826 Y1: 1555.74 2.46368 
125.007 5.00663 
125.007 5.17945 
Y0: 5.01254 129.327 Y1: -3.50104e-007 0.224915 
125.007 5.00663 
Y0: 1.40167 105.424 Y1: 1572.73 8.79333 
125.007 5.00663 
125.009 5.00863 
125.007 5.00663 
125.007 5.00663 
125.007 5.00663 
125.009 5.00863 
Y0: 0.690918 117.442 Y1: 1574.36 4.88281 
125.007 5.00663 
125.007 5.17945 
Y0: 5.0106 112.202 Y1: -3.48109e-007 5.00824 
125.007 5.00663 
125.007 5.00663 
125.007 5.00663 
133.078 Y1: 135.779 5.19043 
Y0: -2.29637e-018 125.813 5.00663 
125.007 5.00663 
125.007 5.00663 
125.009 5.00863 
125.007 5.00663 
125.007 5.00663 
125.007 5.17945 
Y0: 5.00863 130.826 Y1: -0.00916984 7.97363 
125.007 5.00663 
Y0: 5.00663 101.9 Y1: 1567.87 7.8244 
125.007 5.00663 
125.009 5.00863 
125.007 5.00663 
125.007 5.00663 
125.007 5.00663 
125.007 5.00663 
125.007 5.00663 
125.007 5.00663 
125.007 5.17945 
Y0: 5.00663 110.115 Y1: -0.0489938 3.26508 
125.007 5.00663 
125.007 5.00663 
125.007 5.00663 
125.009 5.00863 
125.007 5.00663 
125.007 5.00663 
125.007 5.00663 
125.009 5.00863 
125.007 5.00663 
125.007 5.00663 
125.007 5.17945 
Y0: 5.00863 113.631 Y1: -3.54862e-007 5.67505 
125.007 5.00663 
125.007 5.00663 
125.007 5.00663 
125.007 5.00663 
125.007 5.00663 
125.007 5.00663 
Y0: 5.00663 125.763 5.59845 
125.007 5.00663 
125.007 5.00663 
125.007 5.00663 
125.007 5.5251 
Y0: 6.29314e-031 148.944 2.87319e-011 
125.007 5.00663 
125.007 5.00663 
125.007 5.00663 
125.007 5.00663 
125.007 5.00663 
125.007 5.00663 
Y0: 7.18445 137.733 Y1: -1.2148e-009 1.65192 
125.007 5.00663 
125.007 5.00663 
125.007 5.00663 
125.007 5.17945 
Y0: 5.00663 125.334 Y1: -3.46029e-007 9.03046 
125.007 5.00663 
125.007 5.00663 
125.007 5.00663 
125.007 5.00663 
125.007 5.00663 
125.007 5.00663 
125.007 5.00663 
125.009 5.00863 
Y0: 21.9894 126.555 Y1: -1.46465e-010 4.56665 
125.007 5.00663 
125.007 5.35228 
Y0: -3.34695e-007 148.363 6.39462e-034 
125.007 5.00663 
125.007 5.00663 
125.007 5.00663 
133.078 Y1: 1576.78 9.24622 
Y0: 1.38783e-038 101.59 5.00663 
125.007 5.00663 
125.007 5.00663 
125.007 5.00663 
Y0: 5.00663 146.6 Y1: 1597.72 5.87311 
125.007 5.00663 
125.007 5.17945 
Y0: 5.00863 149.536 Y1: -3.31582e-007 8.61267 
125.007 5.00663 
125.007 5.00663 
125.007 5.00663 
125.007 5.00663 
125.007 5.00663 
125.007 5.00663 
125.007 5.00663 
125.007 5.00663 
125.007 5.00663 
125.007 5.00663 
125.007 5.17945 
Y0: 5.00863 147.02 Y1: -3.31386e-007 3.31421 
125.007 5.00663 
Y0: -3.1117e+035 133.553 Y1: -1.8712e-013 4.20227 
125.007 5.00663 
125.009 5.00863 
125.007 5.00663 
125.007 5.00663 
125.007 5.00663 
125.007 5.00663 
125.007 5.00663 
125.007 5.00663 
125.007 5.17945 
Y0: 5.00663 122.505 Y1: -3.37786e-007 2.83722 
125.007 5.00663 
Y0: 5.00663 112.346 1.08459 
125.007 5.00663 
125.007 5.00663 
125.007 5.00663 
125.007 5.00663 
125.007 5.00663 
125.007 5.00663 
125.007 5.00663 
125.007 5.00663 
125.007 5.5251 
Y0: 6.59191e-031 138.184 1.09658e-010 
125.007 5.00663 
125.007 5.00663 
125.007 5.00663 
125.007 5.00663 
125.007 5.00663 
125.007 5.00663 
Y0: 6.01929 104.962 Y1: -2.50713e-008 6.20148 
125.007 5.00663 
125.007 5.00663 
125.007 5.00663 
125.007 5.17945 
Y0: 5.00663 120.966 Y1: -3.41853e-007 6.01593 
125.007 5.00663 
125.007 5.00663 
125.007 5.00663 
125.007 5.00663 
125.007 5.00663 
125.007 5.00663 
125.007 5.00663 
125.007 5.00663 
Y0: 4.67926 140.947 Y1: 1566.94 8.64136 
125.007 5.00663 
125.007 5.17945 
Y0: 6.77101 108.376 Y1: -4.79457e-008 8.48267 
101.135 8.35022 
129.406 8.5608 
114.023 6.77063 
132.501 9.69482 
134.936 6.35009 
105.519 8.90289 
134.609 6.47746 
135.744 7.10052 
107.887 9.02161 
110.513 0.522156 
111.513 5.025 
Y0: 1.65573e-028 140.509 Y1: -7.70291e-020 0.812988 
142.082 9.41071 
129.814 8.55927 
145.595 9.65149 
129.814 8.55927 
129.814 8.55927 
129.814 8.55927 
Y0: -1.69129e-015 139.456 0.0893491 
129.814 8.55927 
129.814 8.55927 
129.814 8.55927 
129.814 9.25056 
Y0: 0.411874 131.346 4.70081e-015 
108.038 1.08459 
Y0: -2.98675e+038 107.753 Y1: -1.27656e+037 1.70288 
129.814 8.55927 
129.814 8.55927 
129.814 8.55927 
129.814 8.55927 
135.149 2.22321 
129.814 8.55927 
Y0: 8.55927 132.664 Y1: 30.6137 1.35376 
126.086 9.47052 
145.677 6.00443 
Y0: 8.55927 142.221 Y1: -2.81054e-010 9.05212 
129.814 8.55927 
139.734 6.94855 
118.437 1.0376 
140.875 Y1: 113.768 6.97723 
Y0: -5.86777e-024 113.986 6.1734 
135.362 7.38403 
Y0: 8.55927 125.121 Y1: -0.0106044 8.86688 
121.883 7.99469 
121.451 1.76819 
144.098 4.03809 
129.814 8.90491 
Y0: 8.55927 110.068 Y1: -2.7842e-010 4.81323 
129.814 8.55927 
113.85 7.9953 
129.814 8.55927 
141.772 7.79083 
129.814 8.55927 
107.628 5.41901 
129.814 8.55927 
129.814 8.55927 
100.307 1.96045 
129.814 8.55927 
143.819 9.0102 
Y0: 8.55927 129.497 Y1: -2.67233e-010 0.567932 
115.305 4.80835 
102.225 3.77136 
129.814 8.55927 
106.989 4.23279 
129.814 8.55927 
130.679 3.01147 
126.498 3.5376 
141.522 7.30804 
140.018 2.19513 
140.054 3.86658 
108.963 7.8656 
110.32 6.1084 
103.145 9.96552 
115.471 3.68713 
129.506 4.69238 
131.337 0.822449 
120.222 5.92438 
143.256 5.67413 
141.496 1.5741 
126.608 6.4563 
104.901 2.29095 
114.326 8.43048 
102.33 6.22375 
101.057 4.6048 
130.927 1.32629 
132.503 6.55914 
132.094 2.57294 
108.914 5.82275 
124.272 1.80664 
115.005 3.32367 
122.301 6.77338 
135.999 4.5578 
120.549 8.1546 
127.817 0.13092 
133.8 9.70276 
145.361 7.10724 
104.266 2.05414 
107.718 5.05829 
113.507 5.32745 
137.059 0.317688 
122.614 0.285339 
105.954 2.47192 
109.811 6.95618 
132.59 6.44257 
138.434 5.44891 
108.846 1.86707 
128.357 6.5274 
118.738 8.38593 
123.57 9.10828 
149.731 8.7085 
121.191 0.861511 
111.656 9.77966 
145.747 8.07739 
140.207 1.8457 
124.663 3.23486 
128.003 4.8407 
121.494 4.78333 
138.126 6.53656 
120.801 4.1153 
118.152 7.9776 
149.379 1.45569 
119.376 6.88171 
105.487 4.57886 
117.537 0.212097 
118.051 1.94763 
131.534 0.0253296 
129.346 6.44501 
145.631 7.8772 
134.012 5.34821 
105.85 1.08246 
100.925 3.17719 
106.126 3.98651 
118.541 6.29974 
102.879 3.66577 
112.598 5.84106 
122.047 2.59125 
125.313 2.44171 
107.338 5.09674 
114.478 1.0611 
123.013 8.49335 
129.979 5.90881 
147.157 3.83331 
102.534 0.742188 
101.534 1.50757 
138.306 0.19928 
109.523 9.92249 
117.441 5.37781 
116.309 3.19397 
140.327 7.4881 
141.066 8.85712 
123.996 0.891724 
136.052 2.87628 
126.749 2.36725 
112.347 8.21075 
100.031 0.5896 
145.863 4.78058 
115.331 2.59552 
132.774 4.31641 
118.315 6.99158 
142.078 5.16479 
136.562 0.782776 
118.434 1.08582 
116.646 9.68933 
125.821 7.86011 
112.331 0.274048 
121.457 2.56683 
100.536 1.46973 
124.173 1.73767 
141.147 3.38715 
136.115 2.85614 
147.623 1.06659 
115.52 4.83734 
125.404 4.82178 
133.833 4.56726 
135.342 3.82599 
138.252 6.52405 
122.165 0.664673 
123.116 4.65607 
114.507 1.84326 
134.435 8.28522 
114.862 4.88312 
109.593 9.72382 
112.161 7.95074 
108.611 5.98328 
101.115 1.30554 
148.764 6.17615 
136.835 5.5246 
125.72 2.57721 
116.463 6.12335 
108.746 9.17847 
128.838 6.42517 
145.973 1.76788 
133.307 1.45996 
128.036 9.79858 
118.245 4.73114 
131.958 6.67023 
123.167 4.75983 
118.513 1.37665 
135.41 5.82825 
122.925 3.19427 
110.643 8.87299 
122.525 2.33124 
146.671 3.508 
Y0: -1.85391e-017 143.182 Y1: 7.36948e+023 5.64362 
146.921 9.78394 
141.255 3.33099 
120.995 1.78528 
111.826 9.9942 
132.578 6.48895 
121.291 0.428772 
131.158 7.70691 
146.056 3.46283 
138.977 3.7381 
140.474 3.88977 
120.946 3.91388 
118.651 5.29388 
136.948 0.983582 
132.547 1.85883 
132.614 1.57227 
134.732 8.61725 
140.196 5.34637 
144.472 6.09863 
137.23 4.96887 
116.754 3.71277 
114.494 3.79181 
114.975 3.51013 
143.987 2.10876 
144.331 1.06964 
145.25 4.29718 
117.027 6.11633 
109.76 4.95911 
144.415 7.16736 
127.467 5.2005 
145.099 4.21692 
128.017 4.00757 
133.305 5.5545 
134.085 4.63104 
107.22 3.49609 
112.433 5.35492 
144.873 0.846863 
132.922 3.21655 
132.149 2.3111 
136.514 0.174866 
104.611 5.11597 
138.791 2.44446 
109.146 0.176697 
109.445 4.72015 
113.47 3.48969 
142.332 9.41986 
146.339 0.46936 
116.771 3.8736 
134.579 7.66846 
125.311 1.633 
132.005 8.37097 
147.215 2.88879 
120.93 0.608215 
Y0: 8.81408 118.373 Y1: -3.42101e-026 9.35333 Y3: -7.22695e-016 Y4: 1.01065e-006 
140.196 2.42096 
122.71 4.04022 
109.474 6.7099 
143.7 9.44061 
147.653 1.20667 
146.446 7.64404 
105.675 4.72076 
122.433 4.40643 
116.254 3.97858 
108.009 3.54614 
148.096 0.852051 
142.242 6.57074 
139.92 4.7879 
114.163 4.33228 
130.325 5.82214 
142.714 1.81824 
130.165 3.42926 
141.31 7.37335 
108.369 4.59656 
144.362 2.46552 
117.661 2.34436 
122.302 3.11981 
108.35 7.71667 
107.114 6.08704 
116.537 2.6236 
132.219 0.118103 
116.246 8.98987 
142.619 2.85797 
138.309 2.82745 
138.76 7.75482 
147.665 4.26971 
112.56 3.25836 
132.707 1.08215 
144.905 3.93311 
106.358 1.68457 
146.359 5.98328 
133.508 6.54968 
121.458 5.16449 
133.618 2.20428 
148.07 3.39874 
145.473 3.11371 
121.513 7.01843 
101.439 0.374451 
121.524 6.46484 
124.832 1.65802 
103.098 5.77393 
143.605 1.1203 
137.445 8.9624 
135.538 0.984802 
109.621 3.35724 
139.133 6.8634 
119.241 6.60675 
141.272 7.73865 
136.183 7.32819 
139.688 5.82184 
119.339 4.31976 
149.794 6.52069 
144.255 8.54309 
130.659 1.20117 
123.352 6.82922 
127.579 3.76099 
144.672 3.23395 
130.583 0.98999 
134.546 5.40985 
136.568 2.40692 
113.203 3.64777 
128.381 5.72845 
124.701 0.478516 
100.018 2.03461 
106.105 4.1153 
125.476 3.78082 
116.924 3.62366 
128.03 4.61456 
127.885 0.37262 
121.73 8.73138 
135.497 5.44128 
143.489 7.3764 
141.559 8.68805 
131.741 4.16626 
131.097 5.09888 
143.835 4.82544 
122.366 1.5686 
145.103 3.95477 
115.283 4.66614 
127.557 0.639038 
115.999 2.15302 
126.782 0.0393677 
143.681 1.53931 
105.431 5.8371 
134.325 0.168457 
117.053 6.58569 
144.963 9.57489 
108.789 0.0302124 
147.401 1.50391 
143.942 6.26312 
103.047 3.55591 
117.479 6.37604 
116.005 4.62799 
119.835 2.2821 
121.001 9.25293 
109.16 2.97668 
110.049 9.10121 Y2: 145.959 Y3: 9.96674 Y4: -3.07504e-019 
148.79 1.42517 
133.519 9.64172 
102.368 0.259399 
125.007 5.00663 
124.364 9.1864 
140.749 1.97876 
117.548 3.1427 
149.576 7.62085 
135.13 0.0793457 
144.426 2.68677 
116.028 3.91754 
125.007 5.00663 
139.07 7.87659 
125.76 0.925293 
148.01 6.56158 
116.896 2.94586 
135.419 2.08557 
100.566 0.346985 
114.549 1.39221 
116.801 0.232849 
147.978 3.00598 
123.967 3.685 
142.052 5.47882 
132.24 0.839539 
126.765 9.17328 
116.67 0.161133 
107.077 1.14044 
138.972 5.9552 
114.044 1.66199 
121.964 6.15204 
130.719 0.00274658 
113.936 3.94592 
141.414 4.92523 
131.387 7.80914 
103.944 5.95978 
137.697 0.85907 
122.449 7.53998 
112.791 2.08923 
143.724 3.73871 
132.484 5.86151 
123.305 2.45178 
130.191 1.40717 
140.3 0.244141 
149.38 6.89941 
143.932 3.96057 
104.147 6.80481 
122.444 6.43066 
144.878 6.09863 
134.247 3.70941 
106.926 5.95123 
115.34 1.83167 
145.482 4.86572 
131.796 7.94403 
120.728 4.52118 
110.767 1.40656 
Y0: 2.73001e+032 115.965 Y1: -8.62571e+013 8.79395 Y2: 9.69973e+008 
138.394 6.61774 
143.55 2.38159 
143.413 1.05865 
148.317 1.1734 
124.355 2.55737 
123.178 1.7041 
122.935 7.40112 
124.567 6.1145 
111.514 1.8811 
139.381 0.589905 
143.324 1.47308 
118.185 3.90625 
145.708 0.190735 
145.236 4.53735 
131.374 0.607605 
108.02 1.27808 
118.181 5.34027 
137.555 4.17542 
105.023 4.63837 
129.192 8.44116 
149.443 1.1441 
Y0: 21.9894 148.892 Y1: -1.46465e-010 3.85101 Y3: -4.74132e-020 Y4: -1.53666e-022 
108.45 8.54065 
109.668 2.33917 
149.348 7.57233 
105.956 1.44165 
117.39 4.84253 
131.439 4.01703 
122.182 1.69617 
130.437 6.49811 
105.646 4.76746 
145.956 4.08447 
105.983 1.62964 
148.055 9.81018 
111.751 8.80157 
104.909 6.73981 
134.615 2.96356 
131.743 1.83289 
107.948 7.48718 
102.924 2.0401 
137.569 7.70508 
133.891 6.12366 
140.535 3.68713 
137.216 3.26787 Y3: 149.852 Y4: 149.852 
103.151 1.33423 
118.758 9.73724 
117.494 3.7381 
139.763 2.28363 
107.146 4.10767 
Y0: 8.23486 128.758 Y1: 1571.99 1.46667 Y2: 29.3695 Y3: -6.53779e-013 Y4: 688635 
102.544 9.08569 
105.884 1.36871 
108.354 9.98657 
133.707 5.22919 
116.641 2.10114 
125.007 5.00663 
146.074 9.52728 
139.001 6.75446 
148.352 1.64734 
125.163 8.52661 
112.967 6.78192 
129.704 8.04016 
112.178 7.08221 
139.195 9.30115 
136.975 1.75934 
109.349 1.44348 
119.136 1.31256 
122.307 6.19141 
116.235 0.345154 
131.895 5.93414 
134.969 3.54919 
147.415 6.74194 
118.372 5.62256 
146.223 7.90283 
147.314 5.25726 
108.696 5.81848 
116.425 0.484314 
142.117 9.86389 
103.677 3.62305 
120.9 4.69055 
117.79 2.93243 
125.523 8.2135 
106.728 0.753479 
138.353 2.72522 
140.273 4.65363 
126.131 1.86829 
148.721 8.62549 
144.11 4.46716 
106.656 0.171814 
142.624 5.72266 
145.926 5.97748 
100.497 6.59058 
113.913 0.88501 
126.295 3.27209 Y3: 1845.38 Y4: -8.26245e+034 
107.834 0.263367 
116.859 4.58282 
144.17 2.31323 
143.639 5.39246 
129.445 6.54083 
108.453 6.32538 
103.958 7.11792 
145.827 7.00562 
110.326 7.43713 
127.425 8.27515 
131.178 3.30902 
117.503 2.72736 
142.447 6.46454 
149.634 1.67572 
133.299 4.06189 
142.082 9.41071 
149.001 8.36853 
126.154 2.10205 
131.746 0.852661 
120.271 7.24792 
131.114 9.33014 
142.049 7.10938 
129.73 6.92535 
110.434 6.27319 
137.733 0.474854 
105.003 1.85974 
103.63 5.67322 
121.3 1.51001 
137.66 8.49091 
149.861 5.05859 
135.023 3.909 
127.043 1.74377 
128.963 4.01489 
147.008 1.20605 
120.647 3.11401 
129.219 0.595398 
145.848 7.5592 
134.616 0.520325 
139.275 1.7041 
129.814 8.55927 
138.02 4.99603 
127.82 6.66321 
141.803 1.65314 
124.08 7.27325 
134.645 6.04156 
139.503 4.52667 
123.59 4.92401 
121.451 1.76819 
137.239 6.52527 
119.389 8.22632 
140.994 5.08606 
144.119 3.81927 
Y0: 0 115.955 0 Y3: 0 Y4: 0 
Y0: 0 102.422 0 Y3: 0 Y4: 0 
Y0: 0 122.008 0 Y3: 0 Y4: 1 
Y0: 1 139.569 1 Y3: 0 Y4: 0 
Y0: 0 124.414 0 Y3: 0 Y4: 12.1875 
Y0: 3.01967 127.226 7.2307e-043 Y3: 0 Y4: 0 
Y0: 0 100.633 0 Y3: 0 Y4: 0 
Y0: 0.996094 115.369 0 Y3: 0 Y4: 0 
Y0: 0.996094 120.265 0.996094 Y3: 0.5 Y4: 0.5 
Y0: 0.5 134.724 1 Y3: 1 Y4: 1 
Y0: 0 144.725 1 Y3: 1 Y4: 1 
Y0: 1 116.74 0.444444 Y3: 7.2307e-043 Y4: 0 
Y0: 0 137.335 0 Y3: 0 Y4: 0 
Y0: 0 137.076 0 Y3: 0 Y4: 0 
Y0: 0 112.172 0 Y3: 0 Y4: 0 
Y0: 0 129.439 0 Y3: 0 Y4: 0 
Y0: 0 118.912 0 Y3: 0 Y4: 0 
Y0: 0 107.793 0 Y3: 1 Y4: 1 
135.188 1.88202 
140.018 2.19513 
113.333 4.44244 
124.098 6.25409 
122.677 2.77781 
100.288 6.77979 
112.398 8.70728 
128.185 6.94479 
107.027 5.94788 
122.39 4.50822 
143.256 5.67413 
105.594 6.633 
149.742 0.185547 
104.901 2.29095 
131.006 8.23944 
117.479 3.81654 
145.74 3.08763 
136.913 3.52683 
117.651 3.29498 
111.043 6.29974 
147.493 1.24611 
117.442 9.91089 
136.83 2.90615 
123.931 5.76027 
123.09 9.87488 
142.947 3.7986 
114.528 6.47182 
141.087 6.50421 
145.361 7.10724 
128.488 6.84102 
123.853 5.97595 
113.507 5.32745 
131.251 6.87801 
134.95 5.41235 
121.47 7.43674 
111.811 1.39947 
132.59 6.44257 
Y0: 53.6891 100.777 0.0149103 Y3: 767.25 
117.431 7.6972 
124.513 9.81201 
117.924 6.57651 
128.851 3.01758 
120.702 4.26878 
114.685 3.59528 
149.362 3.82904 
145.747 8.07739 
127.914 0.600281 
134.699 1.17023 
126.741 2.46582 
121.455 4.13582 
100.089 3.74603 
110.188 2.46005 
149.837 4.15405 
130.453 4.62982 
119.376 6.88171 
136.227 2.2699 
124.012 5.66633 
145.487 1.22386 
116.603 8.85647 
129.346 6.44501 
126.34 5.65613 
122.361 7.99134 
105.85 1.08246 
112.064 2.41154 
121.474 4.36261 
118.541 6.29974 
102.879 3.66577 
113.735 6.18058 
130.513 2.89489 
113.715 4.501 
104.622 3.02765 
114.478 1.0611 
123.013 8.49335 
129.979 5.90881 
147.157 3.83331 
109.995 0.40863 
132.423 3.9538 
138.305 7.4382 
119.235 7.03674 
145.823 8.75973 
107.172 4.21484 
133.441 5.52955 
141.066 8.85712 
120.635 5.33264 
119.221 6.76121 
126.749 2.36725 
112.347 8.21075 
122.207 1.51942 
113.023 0.181274 
111.751 5.79825 
123.548 6.77753 
133.737 3.42173 
142.078 5.16479 
122.074 0.562825 
113.235 2.1018 
116.285 5.64638 
126.402 2.22526 
112.331 0.274048 
145.026 5.95909 
100.536 1.46973 
134.599 4.26361 
141.147 3.38715 
126.177 2.95693 
123.032 7.42554 
135.272 1.85616 
122.464 6.14404 
144.117 3.10719 
124.549 2.98415 
130.155 2.48592 
125.435 4.06491 
130.809 4.54407 
114.507 1.84326 
124.878 2.59909 
119.35 6.01174 
128.207 1.46733 
118.581 5.37889 
108.611 5.98328 
128.897 2.08038 
146.535 1.15814 
136.835 5.5246 
104.668 6.76596 
128.596 1.55743 Y3: 1405.62 
122.014 4.12079 
108.005 6.03668 
134.729 2.84302 
136.527 2.80196 
115.45 1.89881 
106.776 9.70032 
140.836 3.22646 
126.994 8.15002 
128.469 6.17173 Y3: 1382.83 
135.41 5.82825 
122.925 3.19427 
137.531 2.84738 
126.597 5.0502 
146.671 3.508 
135.951 3.92822 
146.921 9.78394 
115.878 9.7406 
110.1 3.09052 
Y0: 31.4032 138.46 1.6986 Y3: 336.32 Y4: 5.61073 
143.848 4.28009 
124.404 8.42386 
125.246 9.49921 
146.056 3.46283 
Y0: 63.6582 114.012 5.01319 Y3: 929.223 
103.265 9.44071 
135.508 2.18129 
102.995 5.47356 
145.184 5.67481 
127.417 3.39455 
104.692 5.39825 
117.116 3.00781 
130.699 5.13838 
141.605 9.39862 
Y0: 90.2718 130.93 5.2596 Y3: 1164.61 
118.757 7.24503 
134.991 6.72909 
122.331 5.20504 
133.195 5.46515 
105.002 6.2667 
137.25 7.59644 
138.286 4.38145 
145.117 1.82336 
144.415 7.16736 
125.506 4.63655 
133.117 6.70137 
108.456 7.97241 
119.126 1.29979 
105.434 7.27356 
Y0: 34.6147 148.224 0.224027 Y3: 410.582 Y4: 8.48793 
142.437 4.44804 Y3: 1526.09 
144.873 0.846863 
124.626 0.559998 
128.604 4.62959 
138.671 7.4807 
104.611 5.11597 
110.693 4.20837 
144.382 9.67285 
109.445 4.72015 
137.617 0.439148 
143.413 7.63759 
113.805 6.76056 
107.185 7.01019 
144.009 9.8938 
129.586 0.673479 
140.544 6.5321 
117.987 8.16254 
117.042 3.72895 
111.739 9.52118 
Y0: 0.132713 138.718 0 Y3: 0 Y4: 0 
127.504 9.87671 
129.04 9.34257 
113.361 5.6051 
117.878 6.26425 
146.446 7.64404 
105.675 4.72076 
117.749 7.7387 
138.565 1.50586 
122.517 3.15356 
139.232 7.37873 
113.504 3.49927 
129.597 5.28992 
123.192 4.30756 
Y0: 3.4208 104.314 0.0793998 Y3: 45.6932 Y4: 1.13983 
Y0: 79.1505 119.513 2.70879 Y3: 1057.39 
129.282 3.18934 
128.49 9.15944 
127.532 3.50846 
115.613 1.86679 
Y0: 0 123.158 0 Y3: 0 Y4: 0 
122.22 3.89069 
107.272 8.86292 
107.114 6.08704 
143.014 2.85987 
132.219 0.118103 
108.511 4.46777 
126.227 7.04369 
138.309 2.82745 
138.76 7.75482 
115 3.86285 
126.478 4.16413 
132.707 1.08215 
133.124 0.0274658 
133.598 1.5446 
138.727 4.68597 
113.139 9.25171 
119.899 1.72729 
133.618 2.20428 
148.07 3.39874 
Y0: 64.2309 131.409 2.06972 Y3: 883.364 Y4: 14.1234 
Y0: 5.02441 124.445 0.302847 Y3: 60.2389 Y4: 2.54886 
137.373 1.25882 
121.524 6.46484 
112.566 9.88983 
103.098 5.77393 
131.43 9.47327 
142.165 4.1214 
144.922 6.1087 
114.973 6.22849 
133.586 5.38629 
119.241 6.60675 
112.753 8.61206 
129.704 1.15048 
125.366 0.570196 
140.621 7.16401 
149.794 6.52069 
144.255 8.54309 
133.106 2.11729 
123.352 6.82922 
104.158 6.96594 
137.44 4.85527 
128.403 2.8772 
124.484 1.57594 
143.044 2.0016 
113.203 3.64777 
128.381 5.72845 
Y0: 39.7807 133.18 0.41946 Y3: 418.425 Y4: 17.081 
146.844 1.64369 
110.943 5.8379 
122.766 3.55564 
109.489 5.68451 
149.823 7.21527 
101.715 9.24194 
118.478 3.72223 
105.884 7.09717 
148.123 8.5439 
125.89 7.10202 
131.741 4.16626 
131.097 5.09888 
Y0: 14.4676 149.487 1.03772 Y3: 190.576 Y4: 5.82987 
122.366 1.5686 
129.07 9.06976 
129.168 9.1682 
129.168 9.1682 
129.168 9.1682 
128.942 8.94223 
129.168 9.1682 
129.168 9.1682 
128.998 8.99844 
129.168 9.1682 
129.168 9.1682 
128.998 8.99844 
129.168 9.1682 
129.168 9.1682 
129.168 9.1682 
129.168 9.1682 
129.168 9.1682 
128.942 8.94223 
129.168 9.1682 
129.168 9.1682 
129.168 9.1682 
129.07 9.06976 
129.168 9.1682 
129.168 9.1682 
129.168 9.1682 
129.07 9.06976 
128.998 8.99844 
129.168 9.1682 
129.168 9.1682 
128.998 8.99844 
129.168 9.1682 
129.168 9.1682 
129.168 9.1682 
129.07 9.06976 
129.168 9.1682 
129.168 9.1682 
129.168 9.1682 
129.07 9.06976 
129.168 9.1682 
129.168 9.1682 
129.168 9.1682 
129.07 9.06976 
129.168 9.1682 
129.168 9.1682 
129.168 9.1682 
129.07 9.06976 
129.168 9.1682 
129.168 9.1682 
129.168 9.1682 
129.168 9.1682 
129.168 9.1682 
129.168 9.1682 
129.168 9.1682 
129.168 9.1682 
129.168 9.1682 
129.168 9.1682 
129.168 9.1682 
129.07 9.06976 
129.168 9.1682 
129.168 9.1682 
129.168 9.1682 
129.07 9.06976 
129.168 9.1682 
129.168 9.1682 
129.168 9.1682 
129.07 9.06976 
129.168 9.1682 
129.168 9.1682 
129.168 9.1682 
129.168 9.1682 
129.168 9.1682 
129.168 9.1682 
129.168 9.1682 
129.168 9.1682 
129.168 9.1682 
129.168 9.1682 
129.168 9.1682 
129.07 9.06976 
129.168 9.1682 
129.168 9.1682 
129.168 9.1682 
129.168 9.1682 
129.168 9.1682 
129.168 9.1682 
129.168 9.1682 
129.168 9.1682 
129.168 9.1682 
129.168 9.1682 
129.168 9.1682 
129.168 9.1682 
129.168 9.1682 
129.168 9.1682 
129.168 9.1682 
129.168 9.1682 
129.168 9.1682 
129.168 9.1682 
129.168 9.1682 
129.07 9.06976 
129.168 9.1682 
129.168 9.1682 
129.168 9.1682 
129.07 9.06976 
129.168 9.1682 
129.168 9.1682 
129.168 9.1682 
129.07 9.06976 
129.168 9.1682 
129.168 9.1682 
129.168 9.1682 
129.168 9.1682 
129.168 9.1682 
129.168 9.1682 
129.168 9.1682 
129.07 9.06976 
129.168 9.1682 
129.168 9.1682 
129.168 9.1682 
129.168 9.1682 
129.168 9.1682 
129.168 9.1682 
129.168 9.1682 
129.168 9.1682 
129.168 9.1682 
129.168 9.1682 
129.168 9.1682 
129.07 9.06976 
129.168 9.1682 
129.168 9.1682 
129.168 9.1682 
129.07 9.06976 
129.168 9.1682 
129.168 9.1682 
129.168 9.1682 
129.168 9.1682 
129.168 9.1682 
129.168 9.1682 
129.168 9.1682 
129.168 9.1682 
129.168 9.1682 
129.168 9.1682 
129.168 9.1682 
129.168 9.1682 
129.168 9.1682 
129.168 9.1682 
129.168 9.1682 
129.168 9.1682 
129.168 9.1682 
129.168 9.1682 
129.168 9.1682 
129.168 9.1682 
129.168 9.1682 
129.168 9.1682 
129.168 9.1682 
129.168 9.1682 
129.168 9.1682 
129.168 9.1682 
129.168 9.1682 
129.168 9.1682 
129.168 9.1682 
129.168 9.1682 
129.168 9.1682 
129.168 9.1682 
129.168 9.1682 
129.168 9.1682 
129.168 9.1682 
129.168 9.1682 
129.168 9.1682 
129.168 9.1682 
129.168 9.1682 
129.168 9.1682 
129.168 9.1682 
129.168 9.1682 
129.168 9.1682 
125.489 6.35585 
143.639 5.39246 
110.577 8.46139 
136.111 0.943604 
103.958 7.11792 
145.827 7.00562 
124.673 4.52894 
138.963 7.45407 
143.257 5.80505 
124.214 3.17627 
142.447 6.46454 
141.522 7.30804 
102.481 9.96796 
141.522 7.30804 
141.522 7.30804 
141.522 7.30804 
141.522 7.30804 
120.271 7.24792 
131.056 1.05743 
141.522 7.30804 
129.73 6.92535 
110.434 6.27319 
141.522 7.30804 
105.003 1.85974 
103.63 5.67322 
120.717 5.24078 
137.66 8.49091 
141.522 7.30804 
141.522 7.30804 
141.522 7.30804 
141.522 7.30804 
141.522 7.30804 
118.018 8.70697 
141.522 7.30804 
145.848 7.5592 
134.616 0.520325 
141.522 7.30804 
141.522 7.30804 
141.522 7.30804 
127.82 6.66321 
140.944 9.70032 
109.613 8.24127 
141.522 7.30804 
139.503 4.52667 
141.522 7.30804 
113.519 8.68073 
141.522 7.30804 
119.389 8.22632 
146.164 5.53162 
144.119 3.81927 
