139.674 1.92158 
116.005 4.62799 
132.59 6.44257 
149.164 0.977859 
102.454 3.86169 
119.715 1.24696 
102.454 3.86169 
130.583 0.98999 
142.332 9.41986 
110.396 0.873413 
122.677 2.77781 
137.154 0.796702 
121.191 0.861511 
137.059 0.317688 
112.981 1.31195 
121.191 0.861511 
119.835 2.2821 
133.73 6.26404 
131.439 4.01703 
118.513 1.37665 
139.674 1.92158 
119.835 2.2821 
102.454 3.86169 
117.661 2.34436 
129.243 5.16508 
149.95 3.47382 
115.176 2.95571 
148.05 0.988464 
143.489 7.3764 
128.729 3.57411 
103.387 1.64856 
149.873 7.72491 
114.975 3.51013 
140.996 1.81171 
134.012 5.34821 
142.024 4.58557 
134.907 1.5136 
113.235 2.1018 
132.77 0.962524 
102.454 3.86169 
143.807 3.39312 
137.422 0.409162 
122.925 3.19427 
137.531 1.14044 
149.95 3.47382 
132.77 0.962524 
117.661 2.34436 
122.636 0.507507 
116.005 4.62799 
132.59 6.44257 
112.825 2.69348 
109.668 2.33917 
102.068 6.41327 
122.636 0.507507 
126.74 2.43408 
133.73 6.26404 
113.467 1.75206 
132.59 6.44257 
149.95 3.47382 
136.39 3.36248 
144.933 4.78058 
128.611 5.54367 
132.59 6.44257 
127.413 1.25968 
102.454 3.86169 
109.668 2.33917 
141.222 2.46822 
138.694 2.57207 
116.634 4.72069 
149.873 7.72491 
109.668 2.33917 
109.346 6.14441 
137.81 1.52771 
109.262 3.46893 
121.191 0.861511 
122.636 0.507507 
109.475 3.33231 
138.281 0.305331 
114.975 3.51013 
118.513 1.37665 
145.399 4.32922 
131.439 4.01703 
102.454 3.86169 
137.059 0.317688 
124.609 6.08765 
137.531 1.14044 
137.81 1.52771 
129.113 1.20281 
116.005 4.62799 
132.77 0.962524 
148.764 6.17615 
111.514 1.8811 
109.668 2.33917 
112.981 1.31195 
132.149 2.3111 
136.678 7.38373 
133.73 6.26404 
109.346 6.14441 
117.661 2.34436 
107.843 0.467224 
139.383 5.41824 
139.408 5.5215 
118.513 1.37665 
116.33 6.42939 
115.262 4.75098 
130.583 0.98999 
149.164 0.977859 
118.513 1.37665 
123.597 Y1: 1571.26 5.09003 Y2: 44.0857 Y3: 139.148 Y4: 2.55867e-017 
139.148 0.568237 
122.074 0.562825 
149.873 7.72491 
118.472 4.01089 
120.557 6.30035 
118.513 1.37665 
145.105 2.17792 
122.677 2.77781 
122.074 0.562825 
133.73 6.26404 
143.283 0.880432 
122.925 3.19427 
145.026 5.95909 
144.183 9.97223 
135.497 5.44128 
133.73 6.26404 
127.362 2.81893 
123.116 4.65607 
123.352 6.82922 
122.677 2.77781 
132.59 6.44257 
104.622 3.02765 
145.105 2.17792 
127.435 6.95253 
117.661 2.34436 
132.799 2.45875 
124.609 6.08765 
137.892 7.39227 
144.162 5.49652 
129.42 2.16217 
139.122 5.63568 
139.148 0.568237 
146.074 9.52728 
143.924 0.607897 
142.009 6.91129 
113.235 2.1018 
142.024 4.58557 
112.981 1.31195 
148.05 0.988464 
125.476 3.78082 
112.981 1.31195 
122.677 2.77781 
143.924 0.607897 
129.839 7.82257 
137.531 1.14044 
122.925 3.19427 
128.478 4.74322 
103.694 4.36707 
137.531 1.14044 
120.557 6.30035 
135.538 0.984802 
123.352 6.82922 
142.024 4.58557 
129.42 2.16217 
102.454 3.86169 
135.497 5.44128 
139.122 5.63568 
131.859 0.161743 
117.661 2.34436 
123.743 4.20201 
134.325 0.168457 
129.198 0.764465 
110.396 0.873413 
116.005 4.62799 
134.362 1.82953 
113.235 2.1018 
133.73 6.26404 
128.335 1.55016 
123.743 4.20201 
148.233 5.19077 
122.677 2.77781 
122.925 3.19427 
144.76 4.66797 
118.824 4.23685 
137.405 6.0379 
132.77 0.962524 
105.85 1.08246 
131.439 4.01703 
122.925 3.19427 
141.222 2.46822 
122.074 0.562825 
115.262 4.75098 
122.22 3.89069 
111.508 1.88313 
107.843 0.467224 
136.39 3.36248 
142.024 4.58557 
146.074 9.52728 
132.59 6.44257 
118.152 7.9776 
144.76 4.66797 
116.389 0.98092 
137.059 0.317688 
122.925 3.19427 
133.32 1.69221 
121.291 0.428772 
102.879 3.66577 
145.399 4.32922 
143.712 5.47002 
116.563 4.97383 
127.885 0.37262 
126.782 0.0393677 
125.68 6.06759 
130.583 0.98999 
138.3 5.94525 
147.66 4.05579 
131.439 4.01703 
128.729 3.57411 
121.098 4.49223 
112.849 4.31671 
149.873 7.72491 
112.849 4.31671 
107.843 0.467224 
118.513 1.37665 
143.712 5.47002 
112.849 4.31671 
118.513 1.37665 
129.42 2.16217 
128.003 4.8407 
130.679 3.01147 
145.399 4.32922 
138.309 2.82745 
111.514 1.8811 
131.439 4.01703 
138.309 2.82745 
103.757 2.64116 
142.024 4.58557 
130.679 3.01147 
143.283 0.880432 
115.128 0.507202 
113.098 0.879974 
118.437 1.0376 
122.636 0.507507 
127.885 0.37262 
102.454 3.86169 
122.925 3.19427 
102.454 3.86169 
117.661 2.34436 
138.309 2.82745 
127.719 0.398596 
113.467 1.75206 
137.422 0.409162 
116.33 6.42939 
Y0: 157.42 139.81 Y1: 1590.87 1.02692 Y2: 32.2708 Y3: 146.671 Y4: -8.10687e-037 
148.05 0.988464 
132.77 0.962524 
109.668 2.33917 
141.295 4.61691 
143.924 0.607897 
142.024 4.58557 
122.636 0.507507 
112.291 1.03546 
122.074 0.562825 
122.925 3.19427 
131.253 0.635398 
112.981 1.31195 
131.43 7.0421 
122.925 3.19427 
128.611 5.54367 
131.439 4.01703 
137.81 1.52771 
142.997 2.27267 
112.825 2.69348 
139.148 0.568237 
138.643 3.40836 
Y0: 2.2287 137.903 Y1: 1574.84 6.20697 Y2: -2.43144e+035 Y3: -1.66433e-010 
147.66 4.05579 
122.925 3.19427 
112.894 4.00235 
109.668 2.33917 
145.399 4.32922 
105.692 0.684814 
145.399 4.32922 
122.677 2.77781 
112.849 4.31671 
149.164 0.977859 
131.859 0.161743 
132.59 6.44257 
109.668 2.33917 
138.309 2.82745 
131.859 0.161743 
149.164 0.977859 
130.583 0.98999 
149.164 0.977859 
142.357 0.213623 
122.636 0.507507 
147.314 5.25726 
118.513 1.37665 
129.055 2.64549 
123.352 6.82922 
102.454 3.86169 
109.79 5.84341 
123.996 0.891724 
117.661 2.34436 
145.716 6.76902 
112.981 1.31195 
128.003 4.8407 
141.388 5.59021 
116.005 4.62799 
122.925 3.19427 
123.743 4.20201 
117.661 2.34436 
149.873 7.72491 
118.437 1.0376 
139.148 0.568237 
122.925 3.19427 
112.291 1.03546 
129.42 2.16217 
118.513 1.37665 
137.81 1.52771 
140.944 9.70032 
145.105 2.17792 
127.719 0.398596 
132.572 1.93552 
122.636 0.507507 
145.973 1.76788 
146.746 8.42775 
146.746 8.42775 
131.859 0.161743 
132.77 0.962524 
110.396 0.873413 
129.42 2.16217 
118.437 1.0376 
131.859 0.161743 
106.122 2.28638 
112.981 1.31195 
131.439 4.01703 
142.332 9.41986 
123.352 6.82922 
149.164 0.977859 
131.439 4.01703 
134.362 1.82953 
136.795 8.18146 
112.291 1.03546 
133.32 1.69221 
144.557 9.62006 
148.764 6.17615 Y3: 1636.92 Y4: 115.262 
115.262 4.75098 
148.396 0.577393 
106.106 1.24201 
139.674 1.92158 
132.59 6.44257 
113.235 2.1018 
128.298 1.45804 
128.003 4.8407 
121.141 0.769043 
141.498 8.86017 
123.352 6.82922 
136.571 3.30078 
137.405 6.0379 
126.754 3.62334 
122.925 3.19427 
115.128 0.507202 
Y0: 1590.09 140.936 Y1: -5.52598e+035 2.00745 Y2: -2.39747e-017 Y3: 1.33934e+029 
122.925 3.19427 
130.679 3.01147 
139.383 5.41824 
118.437 1.0376 
122.925 3.19427 
139.674 1.92158 
125.705 1.4119 
119.15 0.0427246 
128.478 4.74322 
110.396 0.873413 
121.141 0.769043 
122.677 2.77781 
106.656 0.171814 
102.454 3.86169 
116.563 4.97383 Y3: 1656.62 Y4: 3.19427 
122.636 0.507507 
149.95 3.64664 Y2: 22.8024 Y3: 149.95 Y4: 3.47382 
148.05 0.988464 
126.782 0.0393677 
144.511 8.33788 
118.513 1.37665 
137.059 0.317688 
146.746 8.42775 
118.472 4.01089 
137.405 6.0379 
132.77 0.962524 
108.577 5.94574 
125.68 6.06759 
145.957 5.15619 
122.925 3.19427 
128.375 5.63568 
118.472 4.01089 
132.59 6.44257 
140.015 4.84463 
122.925 3.19427 
141.948 6.0265 
122.925 3.19427 
115.176 2.95571 
127.719 0.398596 
122.677 2.77781 
145.973 1.76788 
122.469 4.42634 
112.291 1.03546 
146.074 9.52728 
141.066 8.85712 
123.629 0.680192 
132.59 6.44257 
137.81 1.52771 
122.677 2.77781 
129.42 2.16217 
116.005 4.62799 
118.437 1.0376 
143.924 0.607897 
122.003 2.75088 
134.012 5.34821 
118.513 1.37665 
105.85 1.08246 
109.475 3.33231 
134.362 1.82953 
142.024 4.58557 
102.454 3.86169 
142.332 9.41986 
132.799 2.45875 
133.73 6.26404 
131.439 4.01703 
118.437 1.0376 
138.385 3.86749 
132.59 6.44257 
119.715 1.24696 
123.352 6.82922 
119.591 3.0846 
141.295 4.61691 
145.105 2.17792 
128.003 4.8407 
141.222 2.46822 
136.39 3.36248 
131.859 0.161743 
130.481 9.56085 
138.281 0.305331 
122.925 3.19427 
128.375 5.63568 
148.317 1.1734 
128.996 2.20349 
108.009 3.54614 
137.154 0.796702 
142.024 4.58557 
107.843 0.467224 
112.291 1.03546 
145.25 4.29718 
145.105 2.17792 
113.467 1.75206 
139.166 3.05359 
122.636 0.507507 
122.636 0.507507 
132.572 1.93552 
135.052 1.5402 
149.164 0.977859 
112.981 1.31195 
136.678 7.38373 
107.843 0.467224 
131.859 0.161743 
112.291 1.03546 
113.235 2.1018 
123.612 5.36238 
123.352 6.82922 
110.396 0.873413 
142.332 9.41986 
128.46 7.04177 
143.712 5.47002 
111.925 5.59387 
112.959 6.80267 
149.164 0.977859 
149.164 0.977859 
122.925 3.19427 
120.557 6.30035 
116.33 6.42939 
128.003 4.8407 
126.74 2.43408 
135.052 1.5402 
121.191 0.861511 
115.262 4.75098 
115.262 4.75098 
135.251 4.87443 
123.352 6.82922 
111.514 1.8811 
109.668 2.33917 
112.291 1.03546 
127.885 0.37262 
111.514 1.8811 
121.141 0.769043 
112.291 1.03546 
132.149 2.3111 
142.024 4.58557 
112.981 1.31195 
142.594 6.17869 
122.636 0.507507 
142.024 4.58557 
106.656 0.171814 
149.762 5.70129 
123.352 6.82922 
139.674 1.92158 
134.245 6.79626 
115.262 4.75098 
Y0: 1599.91 127.197 Y1: -3.2233e+035 5.95917 Y2: -8.99327e-013 Y3: -6.97081e+026 
131.215 3.46977 
Y0: -5.78792e-029 128.183 Y1: 1.6462e+024 3.52448 
129.198 0.764465 
132.59 6.44257 
125.489 5.91544 
123.384 6.7907 
142.357 0.213623 
139.341 7.81878 
121.028 4.08271 
137.697 0.85907 
132.569 6.43854 
102.454 3.86169 
102.068 6.41327 
123.734 3.06223 
110.396 0.873413 
133.043 0.972738 
128.478 4.74322 
107.843 0.467224 
146.622 8.01167 
139.674 1.92158 
143.536 4.9679 
123.189 5.38601 
123.75 3.02094 
137.546 1.57168 
148.596 6.94887 
115.176 2.95571 
109.668 2.33917 
102.454 3.86169 
130.294 2.82494 
145.105 2.17792 
118.274 1.41377 
139.389 1.29154 
132.021 2.33626 
120.557 6.30035 
134.245 6.79626 
129.42 2.16217 
115.216 2.95858 
112.359 1.9909 
121.819 4.14365 
117.661 2.34436 
121.988 2.23256 
134.907 1.5136 
136.817 1.61098 
138.377 8.09105 
134.012 5.34821 
119.835 2.2821 
135.182 7.21983 
145.938 2.75879 
132.763 1.74359 
139.674 1.92158 
147.035 7.34088 
133.305 5.5545 
123.367 6.539 
117.661 2.34436 
122.724 2.85596 
127.73 4.80763 
128.14 2.7797 
139.674 1.92158 
145.026 5.95909 
112.944 1.59849 
133.73 6.26404 
118.824 4.23685 
139.255 4.47145 
124.686 2.67057 
142.58 5.54995 
139.038 5.99294 
106.855 2.79568 
103.212 3.63421 
124.452 4.74098 
145.837 7.11591 
134.783 4.47981 
125.176 1.94996 
129.862 3.28877 
148.232 3.53229 
139.552 5.52074 
107.844 1.11554 
122.897 1.81976 
140.411 6.75418 
129.85 0.284128 
139.976 4.78714 
139.503 2.65841 
127.897 1.26424 
110.926 0.345147 
143.973 4.04698 
107.843 0.467224 
139.022 5.34242 
142.426 2.25438 
139.674 1.92158 
145.87 6.12373 
122.803 4.23364 
112.093 2.15369 
137.81 1.52771 
149.95 3.47382 
120.988 1.03979 
128.523 1.65999 
147.371 3.88259 
112.291 1.03546 
106.283 3.04285 
142.235 2.19214 
132.149 2.3111 
149.95 3.47382 
133.73 6.26404 
107.689 3.655 
123.116 4.65607 
148.646 3.44254 
118.249 2.24406 
130.612 5.75176 
104.151 4.42676 
113.468 2.04657 
136.172 1.52146 
121.81 1.82595 
128.833 0.415137 
118.513 1.37665 
112.825 2.69348 
121.319 2.01525 
111.193 1.89632 
149.873 7.72491 
118.05 3.79883 
132.77 0.962524 
138.268 5.50006 
123.231 0.610963 
142.555 3.45643 
110.396 0.873413 
122.187 3.13361 
144.045 3.86642 
143.473 1.45862 
106.343 2.94403 
144.183 9.97223 
115.775 0.452257 
124.711 5.20893 
132.239 2.0829 
109.321 0.204335 
123.352 6.82922 
127.257 2.59038 
123.431 3.10196 
148.05 0.988464 
145.105 2.17792 
127.435 6.95253 
137.306 4.22118 
121.729 3.93616 
124.609 6.08765 
102.879 3.66577 
148.233 5.19077 
123.519 4.20639 
112.21 2.13525 
126.876 5.60378 
124.188 3.33642 
143.924 0.607897 
143.712 5.47002 
142.46 9.39126 
147.66 4.05579 
112.981 1.31195 
137.072 1.45183 
145.973 1.76788 
132.899 2.30823 
139.471 1.26561 
134.398 1.26678 
113.235 2.1018 
145.973 1.76788 
122.925 3.19427 
138.914 2.10426 
103.694 4.36707 
109.668 2.33917 
120.557 6.30035 
135.538 0.984802 
125.766 3.03435 
134.221 4.36542 
107.843 0.467224 
102.454 3.86169 
146.671 3.508 
145.026 5.95909 
131.859 0.161743 
127.981 5.55282 
123.55 2.50837 
107.843 0.467224 
133.847 5.6603 
131.227 1.71608 
122.677 2.77781 
145.973 1.76788 
113.235 2.1018 
112.837 4.24472 
112.945 5.26013 
123.743 4.20201 
148.233 5.19077 
129.702 5.09525 
133.894 3.4759 
144.76 4.66797 
145.125 4.92189 
137.405 6.0379 
132.938 2.46806 
111.514 1.8811 
132.547 6.38528 
113.467 1.75206 
135.332 5.88684 
128.938 6.55593 
141.183 2.3867 
109.668 2.33917 
117.661 2.34436 
120.248 3.77811 
136.39 3.36248 
148.219 7.28796 
118.479 1.22116 
146.074 9.52728 
122.677 2.77781 
113.098 0.879974 
141.554 4.69645 
119.622 1.86303 
138.416 6.80327 
122.088 6.16713 
123.612 5.36238 
122.131 1.46981 
130.523 1.19402 
143.712 5.47002 
110.231 1.97723 
134.697 2.24776 
130.608 1.74569 
134.158 5.92557 
132.149 2.3111 
138.3 5.94525 
122.917 0.634297 
127.12 4.65177 
143.707 8.69587 
139.775 6.77094 
138.742 9.84802 
123.352 6.82922 
124.698 4.69777 
120.795 1.34697 
118.513 1.37665 
148.233 5.19077 
131.277 3.36536 
134.367 6.209 
116.472 2.35088 
149.95 3.47382 
130.413 4.7012 
126.59 2.88419 
138.309 2.82745 
112.825 2.69348 
119.835 2.2821 
138.309 2.82745 
122.214 2.40892 
114.874 2.38836 
129.106 1.0758 
132.072 0.272522 
139.544 5.18083 
133.422 1.17596 
128.003 4.8407 
123.116 4.65607 
127.885 0.37262 
136.678 7.38373 
122.925 3.19427 
102.454 3.86169 
117.661 2.34436 
140.718 2.75284 
133.947 1.81299 
134.362 1.82953 
100.018 2.03461 
148.233 5.19077 
139.674 1.92158 
125.717 1.37388 
143.924 0.607897 
117.661 2.34436 
125.909 5.78142 
119.18 0.276184 
129.539 5.75846 
128.494 5.77418 
148.233 5.19077 
131.368 0.78766 
117.518 5.07365 
131.253 0.635398 
139.471 1.26561 
114.685 3.59528 
122.925 3.19427 
122.677 2.77781 
142.348 3.64667 
112.238 2.86779 
143.166 5.17952 
112.825 2.69348 
125.053 5.68392 
138.643 3.40836 
125.028 5.02757 
125.028 5.02757 
107.284 4.30755 
125.028 5.02757 
125.028 5.02757 
143.498 9.12936 
126.948 4.88149 
125.028 5.02757 
132.77 0.962524 
125.028 5.02757 
127.984 6.23773 
131.859 0.161743 
125.028 5.02757 
125.028 5.02757 
138.309 2.82745 
125.028 5.02757 
125.028 5.02757 
128.019 3.44763 
126.07 6.71544 
125.028 5.02757 
122.909 1.0683 
125.028 5.02757 
144.048 4.06523 
132.473 1.95303 
125.028 5.02757 
125.028 5.02757 
133.567 1.16098 
125.028 5.02757 
125.028 5.02757 
140.336 2.45515 
139.408 5.5215 
125.028 5.02757 
141.388 5.59021 
125.028 5.02757 
119.323 4.94518 
125.028 5.02757 
125.028 5.02757 
125.028 5.02757 
109.262 3.46893 
125.028 5.02757 
125.028 5.02757 
125.028 5.02757 
127.078 6.61666 
125.028 5.02757 
125.028 5.02757 
125.028 5.02757 
145.105 2.17792 
125.028 5.02757 
125.028 5.02757 
125.028 5.02757 
149.95 3.47382 
125.028 5.02757 
125.028 5.02757 
125.028 5.02757 
114.762 1.72897 
125.028 5.02757 
125.028 5.02757 
125.028 5.02757 
131.859 0.161743 
125.028 5.02757 
125.028 5.02757 
125.028 5.02757 
125.717 5.86215 
125.028 5.02757 
125.028 5.02757 
125.028 5.02757 
132.77 0.962524 
125.028 5.02757 
125.028 5.02757 
125.028 5.02757 
111.245 2.31723 
125.028 5.02757 
125.028 5.02757 
125.028 5.02757 
137.422 0.409162 
125.028 5.02757 
125.028 5.02757 
125.028 5.02757 
125.029 5.02936 
125.028 5.02757 
125.028 5.02757 
125.028 5.02757 
125.029 5.02936 
125.028 5.02757 
125.028 5.02757 
125.028 5.02757 
139.845 2.77366 
125.028 5.02757 
125.028 5.02757 
125.028 5.02757 
114.685 3.59528 
125.028 5.02757 
125.028 5.02757 
125.028 5.02757 
139.674 1.92158 
125.028 5.02757 
125.028 5.02757 
125.028 5.02757 
130.679 3.01147 
125.028 5.02757 
125.028 5.02757 
125.028 5.02757 
137.531 1.14044 
125.028 5.02757 
125.028 5.02757 
125.028 5.02757 
125.029 5.02936 
125.028 5.02757 
125.028 5.02757 
125.028 5.02757 
136.663 1.67704 
125.028 5.02757 
125.028 5.02757 
125.028 5.02757 
132.77 0.962524 
125.028 5.02757 
125.028 5.02757 
125.028 5.02757 
122.925 3.19427 
125.028 5.02757 
125.028 5.02757 
125.028 5.02757 
126.281 5.69249 
125.028 5.02757 
125.028 5.02757 
125.028 5.02757 
132.77 0.962524 
125.028 5.02757 
125.028 5.02757 
125.028 5.02757 
125.029 5.02936 
125.028 5.02757 
125.028 5.02757 
125.028 5.02757 
128.049 1.43768 
125.028 5.02757 
125.028 5.02757 
125.028 5.02757 
125.028 5.02757 
125.028 5.02757 
125.028 5.02757 
125.028 5.02757 
125.028 5.02757 
125.028 5.02757 
125.028 5.02757 
125.028 5.02757 
125.028 5.02757 
125.028 5.02757 
125.028 5.02757 
125.028 5.02757 
125.028 5.02757 
125.028 5.02757 
125.028 5.02757 
125.028 5.02757 
125.028 5.02757 
125.028 5.02757 
125.028 5.02757 
125.028 5.02757 
125.028 5.02757 
125.028 5.02757 
125.028 5.02757 
125.028 5.02757 
125.028 5.02757 
125.028 5.02757 
125.028 5.02757 
125.028 5.02757 
125.028 5.02757 
125.028 5.02757 
125.028 5.02757 
125.028 5.02757 
139.55 2.75942 
113.333 4.44244 
108.009 3.54614 
139.758 2.07124 
123.912 3.72387 
137.697 0.85907 
112.291 1.03546 
122.925 3.19427 
145.105 2.17792 
130.127 1.98666 
130.069 2.6514 
107.843 0.467224 
139.674 1.92158 
135.052 1.5402 
139.674 1.92158 
149.164 0.977859 
139.674 1.92158 
141.295 4.61691 
139.674 1.92158 
109.262 3.46893 
139.674 1.92158 
139.674 1.92158 
139.674 1.92158 
131.439 4.01703 
110.396 0.873413 
126.433 5.44595 
128.46 7.04177 
139.674 1.92158 
143.268 7.29889 
139.674 1.92158 
139.674 1.92158 
136.808 9.41666 
139.674 1.92158 
120.557 6.30035 
116.33 6.42939 
139.674 1.92158 
133.208 1.50757 
139.674 1.92158 
143.924 0.607897 
139.674 1.92158 
107.843 0.467224 
139.674 1.92158 
139.674 1.92158 
111.514 1.8811 
139.674 1.92158 
139.674 1.92158 
139.674 1.92158 
142.997 2.27267 
121.141 0.769043 
139.674 1.92158 
139.674 1.92158 
139.674 1.92158 
139.674 1.92158 
106.656 0.171814 
122.636 0.507507 
142.024 4.58557 
126.884 2.69417 
149.762 5.70129 
139.674 1.92158 
139.674 1.92158 
139.674 1.92158 
115.262 4.75098 
102.454 3.86169 
131.215 3.46977 
118.513 1.37665 
139.674 1.92158 
127.557 0.639038 
139.674 1.92158 
112.981 1.31195 
137.81 1.52771 
147.921 5.12487 
148.317 1.1734 
130.679 3.01147 
128.375 5.63568 
135.332 5.88684 
148.05 0.988464 
111.508 1.88313 
137.81 1.52771 
130.294 2.82494 
119.241 6.60675 
132.77 0.962524 
113.715 4.501 
111.514 1.8811 
137.531 1.14044 
122.074 0.562825 
111.514 1.8811 
109.668 2.33917 
130.583 0.98999 
120.557 6.30035 
117.661 2.34436 
117.661 2.34436 
118.927 0.4755 
112.291 1.03546 
131.859 0.161743 
122.677 2.77781 
102.454 3.86169 
128.375 5.63568 
107.551 4.71481 
149.164 0.977859 
135.023 3.909 
149.95 3.47382 
147.202 4.3381 
133.32 1.69221 
123.996 0.891724 
122.925 3.19427 
106.656 0.171814 
131.439 4.01703 
143.722 0.606221 
139.674 1.92158 
105.692 0.684814 
142.997 2.27267 
147.202 4.3381 
128.375 5.63568 
109.346 6.14441 
132.676 3.04289 
119.99 5.02441 
117.661 2.34436 
122.677 2.77781 
129.055 2.64549 
127.557 0.639038 
114.834 6.77064 
133.73 6.26404 
116.467 6.39313 
118.437 1.0376 
122.074 0.562825 
149.164 0.977859 
148.233 5.19077 
112.981 1.31195 
107.843 0.467224 
116.005 4.62799 
149.873 7.72491 
111.508 1.88313 
114.943 0.322266 
117.661 2.34436 
110.396 0.873413 
139.674 1.92158 
119.835 2.2821 
128.375 5.63568 
145.399 4.32922 
139.674 1.92158 
149.95 3.47382 
149.873 7.72491 
135.497 5.44128 
121.191 0.861511 
116.563 4.97383 
129.297 1.89195 
143.973 4.04698 
102.454 3.86169 
148.05 0.988464 
132.59 6.44257 
134.012 5.34821 
122.677 2.77781 
136.227 2.2699 
112.981 1.31195 
117.661 2.34436 
122.433 4.40643 
148.05 0.988464 
131.859 0.161743 
118.437 1.0376 
141.059 6.4727 
113.596 2.03896 
116.467 6.39313 
131.253 0.635398 
143.489 7.3764 
143.7 9.44061 
136.808 9.41666 
105.85 1.08246 
145.105 2.17792 
117.661 2.34436 
143.166 5.17952 
102.081 5.03479 
128.003 4.8407 
120.543 1.14352 
135.13 0.0793457 
123.996 0.891724 
115.126 4.69879 
148.233 5.19077 
139.148 0.568237 
116.33 6.42939 
137.81 1.52771 
128.03 4.61456 
142.024 4.58557 
110.724 0.990589 
111.508 1.88313 
148.05 0.988464 
131.859 0.161743 
138.309 2.82745 
112.894 4.00235 
115.262 4.75098 
110.396 0.873413 
135.052 1.5402 
107.843 0.467224 
102.068 6.41327 
142.024 4.58557 
134.137 9.38477 
123.352 6.82922 
122.925 3.19427 
117.661 2.34436 
110.396 0.873413 
134.907 1.5136 
121.291 0.428772 
118.513 1.37665 
136.227 2.2699 
109.668 2.512 Y2: 46.3919 Y3: 116.563 Y4: 4.97383 
116.563 4.97383 
137.81 1.52771 
146.671 3.508 
147.66 4.05579 
127.435 6.95253 
137.422 0.409162 
123.743 4.20201 
136.58 2.81709 
149.873 7.72491 
122.677 2.77781 
112.981 1.31195 
140.015 4.84463 
135.052 1.5402 
114.193 3.85816 
107.843 0.467224 
121.291 0.428772 
117.661 2.34436 
128.454 5.52605 
149.164 0.977859 
137.81 1.52771 
118.152 7.9776 
143.166 5.17952 
118.927 0.4755 
137.81 1.52771 
132.59 6.44257 
135.332 5.88684 
139.674 1.92158 
102.454 3.86169 
149.95 3.47382 
139.166 3.05359 
118.513 1.37665 
143.166 5.17952 
102.454 3.86169 
145.399 4.32922 
145.25 4.29718 
123.352 7.17487 Y2: 32.1399 Y3: 120.271 Y4: 3.75059 
120.271 3.75059 
122.925 3.19427 
128.611 5.54367 
122.925 3.19427 
Y0: 151.571 112.138 Y1: 1571.42 1.03271 Y2: 46.1768 Y3: 116.005 Y4: 0.754731 
116.005 4.62799 
121.501 3.8831 
121.141 0.769043 
115.128 0.507202 
113.715 4.501 
138.694 2.57207 
137.531 1.14044 
135.332 5.88684 
133.549 3.65328 
149.164 0.977859 
135.332 5.88684 
129.198 0.764465 
126.242 4.79048 
127.413 1.25968 
112.981 1.31195 
145.399 4.32922 
130.294 2.82494 
129.198 0.764465 
132.77 0.962524 
102.879 3.66577 
144.557 9.62006 
128.729 3.57411 
137.526 0.161743 
135.052 1.5402 
149.873 7.72491 
139.166 3.05359 
149.164 0.977859 
110.041 6.00627 
118.437 1.0376 
149.873 7.72491 
131.43 7.0421 
118.513 1.37665 
121.191 0.861511 
114.419 2.99913 
131.439 4.01703 
117.503 2.72736 
148.05 0.988464 
115.346 4.30145 
131.859 0.161743 
143.166 5.17952 
109.668 2.33917 
135.332 5.88684 
129.42 2.16217 
119.591 3.0846 
123.352 6.82922 
130.583 0.98999 
132.77 0.962524 
134.907 1.5136 
105.85 1.08246 
142.024 4.58557 
139.166 3.05359 
147.202 4.3381 
121.191 0.861511 
122.677 2.77781 
121.875 1.46332 
145.716 6.76902 
136.571 3.30078 
125.68 6.06759 
129.42 2.16217 
137.557 0.774376 
102.454 3.86169 
149.873 7.72491 
134.012 5.34821 
137.422 0.409162 
117.661 2.34436 
139.408 5.5215 
149.164 0.977859 
132.59 6.44257 
106.656 0.171814 
130.679 3.01147 
147.66 4.05579 
122.636 0.507507 
106.122 2.28638 
Y0: 0.409162 103.473 4.31613 Y2: 1585.51 Y3: -2.87313e+038 
123.996 0.891724 
131.215 3.46977 
128.478 4.74322 
128.111 2.71301 
118.437 1.0376 
122.074 0.562825 
122.927 0.527851 
137.059 0.317688 
143.076 9.62258 
119.99 5.02441 
145.973 1.76788 
122.925 3.19427 
145.399 4.32922 
115.262 4.75098 
141.222 2.46822 
148.05 0.988464 
132.149 2.3111 
140.541 6.27809 
134.012 5.34821 
135.332 5.88684 
134.012 5.34821 
141.059 6.4727 
131.859 0.161743 
Y0: 2.2287 108.984 Y1: 1574.84 5.55786 Y2: -2.43144e+035 Y3: -1.66433e-010 
129.198 0.764465 
139.971 Y1: 112.894 9.33594 Y2: -5.18795e-022 Y3: -2.52097e-011 Y4: -1.94391e-030 
143.712 5.47002 
137.81 1.52771 
127.557 0.639038 
137.109 8.08014 
135.699 5.5011 
144.183 9.97223 
128.375 5.63568 
102.38 4.83215 
148.317 1.1734 
109.497 3.35938 
125.18 4.26514 
134.245 6.79626 
117.661 2.34436 
107.492 3.31841 
132.59 6.44257 
119.15 0.0427246 
136.795 8.18146 
134.012 5.34821 
130.228 3.53973 
134.245 6.79626 
137.531 1.14044 
126.782 0.0393677 
130.583 0.98999 
148.05 0.988464 
132.59 6.44257 
132.799 2.45875 
122.925 3.19427 
132.59 6.44257 
122.636 0.507507 
128.003 4.8407 
123.116 4.65607 
130.679 3.01147 
112.981 1.31195 
132.59 6.44257 
107.843 0.467224 
119.452 0.622376 
115.128 0.507202 
142.357 0.213623 
119.99 5.02441 
120.557 6.30035 
104.524 4.46197 
137.81 1.52771 
149.873 7.72491 
132.139 7.44487 
129.42 2.16217 
122.909 1.0683 
114.975 3.51013 
138.281 0.305331 
148.317 1.1734 
119.99 5.02441 
109.79 5.84341 
130.679 3.01147 
142.594 6.17869 
134.863 1.4267 
135.13 0.0793457 
121.177 3.29779 
145.105 2.17792 
136.795 8.18146 
143.712 5.47002 
140.511 0.354614 
142.83 9.3336 
121.875 1.46332 
136.808 9.41666 
142.357 0.213623 
132.59 6.44257 
135.97 5.23457 
121.191 0.861511 
135.538 0.984802 
143.722 0.606221 
114.975 3.51013 
138.281 0.305331 
127.413 1.25968 
131.859 0.161743 
133.73 6.26404 
109.668 2.33917 
123.612 5.36238 
128.375 5.63568 
112.291 1.03546 
133.32 1.69221 
122.925 3.19427 
121.455 4.13582 
122.677 2.77781 
142.024 4.58557 
128.996 2.20349 
131.439 4.01703 
128.003 4.8407 
107.626 3.02277 
115.262 4.75098 
140.196 5.34637 
146.671 3.508 
132.572 1.93552 
111.508 1.88313 
117.792 3.3852 
148.233 5.19077 
108.577 5.94574 
145.105 2.17792 
111.514 1.8811 
149.164 0.977859 
141.059 6.4727 
122.925 3.19427 
116.563 4.97383 
148.05 0.988464 
147.66 4.05579 
118.513 1.37665 
136.571 3.30078 
140.944 9.70032 
148.05 0.988464 
147.66 4.05579 
122.677 2.77781 
130.763 3.47929 
109.346 6.14441 
137.531 1.14044 
128.996 2.20349 
118.824 4.23685 
130.981 2.00217 
108.577 5.94574 
138.061 3.80977 
115.128 0.507202 
131.859 0.161743 
135.332 5.88684 
116.33 6.42939 
131.439 4.01703 
102.068 6.41327 
109.668 2.33917 
149.164 0.977859 
132.149 2.3111 
110.396 0.873413 
139.674 1.92158 
123.062 1.1358 
140.511 0.354614 
103.694 4.36707 
135.332 5.88684 
149.95 3.47382 
132.59 6.44257 
139.674 1.92158 
135.356 1.64123 
137.531 1.14044 
102.454 3.86169 
139.122 5.63568 
140.341 8.72849 
139.148 0.568237 
126.782 0.0393677 
121.141 0.769043 
123.996 0.891724 
118.437 1.0376 
142.332 9.41986 
131.439 4.01703 
132.149 2.3111 
122.925 3.19427 
149.873 7.72491 
141.496 1.5741 
141.661 7.31032 
137.81 1.52771 
135.023 3.909 
146.746 8.42775 
122.223 2.80465 
143.166 5.17952 
134.907 1.5136 
148.233 5.19077 
139.408 5.5215 
122.074 0.562825 
122.925 3.19427 
147.66 4.05579 
122.909 1.0683 
121.191 0.861511 
120.271 3.75059 
140.511 0.354614 
119.835 2.2821 Y4: 50.8188 
142.024 4.58557 
132.572 1.93552 
128.729 3.57411 
114.975 3.51013 
129.42 2.16217 
136.227 2.2699 
117.371 2.54969 
110.041 6.00627 
117.661 2.34436 Y3: 1770.94 Y4: 1558.34 
149.164 0.977859 
122.925 3.19427 
115.128 0.507202 
132.572 1.93552 
137.154 0.796702 
149.762 5.70129 
108.02 1.27808 
138.643 3.40836 
138.3 5.94525 
109.384 5.8641 
109.668 2.33917 
123.352 6.82922 
130.659 1.20117 
133.73 6.26404 
130.763 3.47929 
116.005 4.62799 
136.571 3.30078 
130.294 2.82494 
123.612 5.36238 
131.071 5.12099 
113.235 2.1018 
131.215 3.46977 
148.764 6.17615 
149.164 0.977859 
145.105 2.17792 
122.925 3.19427 
129.198 0.764465 
136.795 8.18146 
122.074 0.562825 
137.531 1.14044 
137.733 0.474854 
122.636 0.507507 
137.059 0.317688 
128.961 1.07845 
132.572 1.93552 
127.557 0.639038 
123.352 6.82922 
138.309 2.82745 
105.692 0.684814 
131.035 4.71963 
122.677 2.77781 
137.531 1.14044 
131.859 0.161743 
131.439 4.01703 
130.679 3.01147 
123.352 6.82922 
111.514 1.8811 
145.105 2.17792 
134.137 9.38477 
145.957 5.15619 
128.375 5.63568 
119.18 0.276184 
145.105 2.17792 
106.283 3.04285 
111.514 1.8811 
137.531 1.14044 
117.661 2.34436 
140.944 9.70032 
112.981 1.31195 
134.027 7.12969 
127.362 2.81893 
127.806 1.89772 
125.831 1.59127 
133.731 2.73445 
139.988 2.48882 
135.266 3.05438 
142.024 4.58557 
145.105 2.17792 
122.677 2.77781 
136.68 7.28354 
148.764 6.17615 
132.93 4.31786 
119.835 2.2821 
137.531 1.14044 
140.975 3.83838 
149.95 3.47382 
119.155 1.14509 
115.52 4.83734 
120.557 6.30035 
106.283 3.04285 
112.291 1.03546 
136.047 4.39486 
113.467 1.75206 
131.859 0.161743 
112.291 1.03546 
142.024 4.58557 
130.481 9.56085 
119.835 2.2821 
131.899 3.10755 
113.596 2.03896 
114.414 2.14821 
147.202 4.3381 
133.32 1.69221 
140.575 5.36234 
139.166 3.05359 
131.027 5.8934 
128.67 3.68086 
119.835 2.2821 
123.296 3.50337 
135.959 2.21246 
112.835 1.58409 
131.439 4.01703 
132.377 6.20182 
146.458 1.3442 
132.676 3.04289 
123.545 0.82142 
134.407 1.59485 
122.677 2.77781 
127.955 0.321742 
127.679 2.32035 
141.498 8.86017 
109.668 2.33917 
141.077 3.67411 
130.294 2.82494 
112.291 1.03546 
127.764 5.65827 
148.233 5.19077 
116.388 2.92133 
112.981 1.31195 
107.843 0.467224 
149.873 7.72491 
106.283 3.04285 
121.415 4.51854 
124.193 2.55862 
125.593 1.98786 
148.098 1.17652 
119.835 2.2821 
119.856 0.6934 
132.913 4.42546 
139.674 1.92158 
129.956 3.8623 
137.593 1.52665 
139.166 3.05359 
134.898 1.34431 
142.997 2.27267 
145.399 4.32922 
121.339 0.946655 
146.034 9.05792 
121.501 3.8831 
125.932 4.20482 
134.012 5.34821 
143.077 5.16407 
125.278 0.798197 
121.811 0.525055 
146.671 3.508 
144.162 5.49652 
143.7 9.44061 
131.859 0.161743 
119.42 0.727325 
144.162 5.49652 
137.661 6.4107 
148.566 2.00291 
138.385 3.86749 
143.745 9.6687 
102.762 3.84132 
134.907 1.5136 
105.85 1.08246 
145.105 2.17792 
142.997 2.27267 
138.948 5.70697 
130.679 3.01147 
129.347 5.63344 
121.384 4.64316 
135.13 0.0793457 
123.996 0.891724 
114.023 4.94203 
118.066 1.5155 
139.148 0.568237 
145.993 3.61013 
126.577 1.59801 
131.071 5.12099 
142.024 4.58557 
110.724 0.990589 
111.508 1.88313 
122.915 7.34142 
141.255 3.33099 
135.32 3.76662 
112.894 4.00235 
132.77 0.962524 
129.407 2.07769 
135.052 1.5402 
135.38 0.885149 
119.835 2.2821 
122.543 2.85624 
133.326 3.73856 
118.05 3.79883 
118.686 0.690162 
147.66 4.05579 
105.806 3.08282 
132.832 4.75166 
140.804 6.38759 
106.656 0.171814 
147.66 4.05579 
130.439 6.32584 
128.003 4.8407 
137.81 1.52771 
146.671 3.508 
145.973 1.76788 
122.925 3.19427 
126.626 6.29359 
117.661 2.34436 
126.027 6.08962 
112.291 1.03546 
141.482 1.34396 
106.283 3.04285 
138.038 4.20029 
125.455 3.05189 
120.843 4.19135 
140.511 0.354614 
132.822 3.38565 
133.208 1.50757 
119.047 2.44359 
119.544 3.95353 
135.961 1.22497 
114.156 0.0222778 
124.852 3.04648 
130.679 3.01147 
137.81 1.52771 
129.461 1.17737 
135.332 5.88684 
111.514 1.8811 
102.454 3.86169 
128.481 4.21185 
113.048 5.02455 
137.154 0.796702 
128.365 5.63049 
139.148 0.568237 
145.399 4.32922 
128.003 4.8407 
132.946 2.05362 
140.443 4.36623 
136.693 8.15963 
127.437 5.63232 
129.04 1.01893 
117.107 7.76031 
106.283 3.04285 
145.254 8.09544 
121.141 0.769043 
124.281 6.60841 
136.468 1.61526 
129.42 2.16217 
143.924 0.607897 
132.449 3.24218 
140.116 4.00422 
113.235 2.1018 
135.332 5.88684 
132.199 3.0077 
119.085 2.94929 
128.789 1.13852 
119.18 0.276184 
127.912 2.89893 
139.122 5.63568 
119.241 6.60675 
137.669 4.75237 
145.399 4.32922 
132.9 8.85624 
134.241 4.25323 
130.183 6.26053 
133.917 5.36135 
148.764 6.17615 
125.435 5.47095 
148.05 0.988464 
132.012 1.16512 
138.684 6.82347 
143.924 0.607897 
117.257 3.91511 
118.513 1.37665 
129.642 2.49166 
142.83 3.30772 
131.439 4.01703 
117.503 2.72736 
119.725 0.677956 
113.442 5.46791 
141.042 4.15087 
137.081 7.17116 
126.143 3.60887 
137.911 3.31038 
129.473 5.44166 
117.661 2.34436 
129.235 9.19533 
111.514 1.8811 
132.77 0.962524 
136.615 2.22267 
105.85 1.08246 
142.024 4.58557 
131.788 8.66623 
122.677 2.77781 
121.191 0.861511 
133.397 5.23188 
126.473 0.651629 
145.716 6.76902 
136.571 3.30078 
129.42 2.16217 
145.331 4.72721 
137.557 0.774376 
102.454 3.86169 
132.881 5.77718 
134.012 5.34821 
133.558 4.38236 
137.444 1.33423 
136.929 4.45534 
133.991 4.16325 
132.59 6.44257 
142.997 2.27267 
130.679 3.01147 
147.261 8.48114 
128.983 3.48928 
112.981 1.31195 
121.978 1.83612 
132.59 6.44257 
146.359 5.98328 
134.404 1.63217 
143.368 6.29454 
118.236 0.330012 
122.074 0.562825 
131.215 3.46977 
141.066 8.85712 
143.076 9.62258 
134.666 5.82163 
142.997 2.27267 
122.925 3.19427 
112.981 1.31195 
126.882 3.78661 
109.668 2.33917 
148.05 0.988464 
148.319 0.9439 
142.232 8.13115 
119.566 4.0291 
105.85 1.08246 
116.198 1.1699 
141.059 6.4727 
131.859 0.161743 
125.026 5.02576 
125.026 5.02576 
118.622 2.44137 
125.026 5.02576 
125.026 5.02576 
127.557 0.639038 
115.346 4.30145 
125.026 5.02576 
141.503 4.43036 
125.026 5.02576 
122.925 3.19427 
125.027 5.0274 
125.026 5.02576 
125.026 5.02576 
139.166 3.05359 
125.026 5.02576 
125.026 5.02576 
119.241 6.60675 
119.18 0.276184 
125.026 5.02576 
130.26 6.32147 
125.026 5.02576 
125.027 5.0274 
113.235 2.1018 
125.026 5.02576 
125.026 5.02576 
129.518 0.851843 
125.026 5.02576 
125.026 5.02576 
125.027 5.0274 
132.59 6.44257 
125.026 5.02576 
125.62 0.435062 
125.026 5.02576 
146.748 3.78636 
125.026 5.02576 
125.026 5.02576 
125.026 5.02576 
132.294 1.92339 
125.026 5.02576 
125.026 5.02576 
125.026 5.02576 
125.027 5.0274 
125.026 5.02576 
125.026 5.02576 
125.026 5.02576 
136.49 1.09143 
125.026 5.02576 
125.026 5.02576 
125.026 5.02576 
125.027 5.0274 
125.026 5.02576 
125.026 5.02576 
125.026 5.02576 
114.926 1.54222 
125.026 5.02576 
125.026 5.02576 
125.026 5.02576 
137.625 2.91061 
125.026 5.02576 
125.026 5.02576 
125.026 5.02576 
125.027 5.0274 
125.026 5.02576 
125.026 5.02576 
125.026 5.02576 
128.67 2.64419 
125.026 5.02576 
125.026 5.02576 
125.026 5.02576 
135.538 0.984802 
125.026 5.02576 
125.026 5.02576 
125.026 5.02576 
125.027 5.0274 
125.026 5.02576 
125.026 5.02576 
125.026 5.02576 
125.028 5.02757 
125.026 5.02576 
125.026 5.02576 
125.026 5.02576 
125.028 5.02757 
125.026 5.02576 
125.026 5.02576 
125.026 5.02576 
125.027 5.0274 
125.026 5.02576 
125.026 5.02576 
125.026 5.02576 
125.027 5.0274 
125.026 5.02576 
125.026 5.02576 
125.026 5.02576 
122.925 3.19427 
125.026 5.02576 
125.026 5.02576 
125.026 5.02576 
115.759 4.15211 
125.026 5.02576 
125.026 5.02576 
125.026 5.02576 
125.027 5.0274 
125.026 5.02576 
125.026 5.02576 
125.026 5.02576 
125.028 5.02757 
125.026 5.02576 
125.026 5.02576 
125.026 5.02576 
113.235 2.1018 
125.026 5.02576 
125.026 5.02576 
125.026 5.02576 
125.027 5.0274 
125.026 5.02576 
125.026 5.02576 
125.026 5.02576 
116.826 3.48145 
125.026 5.02576 
125.026 5.02576 
125.026 5.02576 
135.332 5.88684 
125.026 5.02576 
125.026 5.02576 
125.026 5.02576 
125.027 5.0274 
125.026 5.02576 
125.026 5.02576 
125.026 5.02576 
125.028 5.02757 
125.026 5.02576 
125.026 5.02576 
125.026 5.02576 
135.332 5.88684 
125.026 5.02576 
125.026 5.02576 
125.026 5.02576 
125.026 5.02576 
125.026 5.02576 
125.026 5.02576 
125.026 5.02576 
125.026 5.02576 
125.026 5.02576 
125.026 5.02576 
125.026 5.02576 
125.026 5.02576 
125.026 5.02576 
125.026 5.02576 
125.026 5.02576 
125.026 5.02576 
125.026 5.02576 
125.026 5.02576 
125.026 5.02576 
125.026 5.02576 
125.026 5.02576 
125.026 5.02576 
125.026 5.02576 
125.026 5.02576 
125.026 5.02576 
125.026 5.02576 
125.026 5.02576 
125.026 5.02576 
125.026 5.02576 
125.026 5.02576 
125.026 5.02576 
125.026 5.02576 
125.026 5.02576 
125.026 5.02576 
125.026 5.02576 
123.326 1.64123 
142.024 4.58557 
111.752 1.7888 
110.275 2.15081 
127.881 4.44926 
139.166 3.05359 
107.843 0.467224 
119.685 2.79632 
119.045 3.62585 
134.168 1.5068 
145.105 2.17792 
109.668 2.33917 
112.981 1.31195 
117.661 2.34436 
112.981 1.31195 
117.661 2.34436 
108.02 1.27808 
143.924 0.607897 
106.656 0.171814 
112.981 1.31195 
112.981 1.31195 
112.981 1.31195 
112.981 1.31195 
133.73 6.26404 
131.906 1.49078 
116.005 4.62799 
118.152 7.9776 
112.21 2.49848 
123.612 5.36238 
112.981 1.31195 
134.012 5.34821 
131.215 3.46977 
112.981 1.31195 
119.835 2.2821 
112.981 1.31195 
123.116 4.65607 
112.981 1.31195 
136.795 8.18146 
122.074 0.562825 
112.981 1.31195 
141.295 4.61691 
119.835 2.2821 
134.362 1.82953 
112.981 1.31195 
112.981 1.31195 
112.981 1.31195 
112.981 1.31195 
112.981 1.31195 
112.981 1.31195 
112.981 1.31195 
112.981 1.31195 
137.531 1.14044 
120.063 2.01823 
131.439 4.01703 
112.981 1.31195 
112.981 1.31195 
111.514 1.8811 
112.981 1.31195 
134.137 9.38477 
143.712 5.47002 
145.399 4.32922 
146.671 3.508 
112.981 1.31195 
112.981 1.31195 
117.661 2.34436 
112.981 1.31195 
143.166 5.17952 
112.981 1.31195 
