140.718 2.75284 3.13189 1587.1 33.9489 
117.661 2.34436 2.28119 1593.97 46.8643 
128.996 2.20349 2.75325 1577.79 46.1501 
142.594 6.17869 1.90891 1562.97 38.3645 
136.39 3.36248 2.57058 1577.6 35.6523 
117.661 2.34436 2.28119 1593.97 46.8643 
149.95 3.47382 2.99896 1587.38 22.8024 
122.925 3.19427 2.09045 1595.68 44.2569 
122.677 2.77781 2.29622 1589.44 38.6489 
107.843 0.467224 2.5592 1574.96 24.0256 
142.024 4.58557 2.40662 1552.95 31.6574 
132.569 6.43854 1.61324 1567.89 30.6273 
122.925 3.19427 2.09045 1595.68 44.2569 
133.894 3.4759 2.73271 1553.15 37.018 
122.925 3.19427 2.09045 1595.68 44.2569 
130.294 2.82494 2.53846 1585.72 34.6676 
117.661 2.34436 2.28119 1593.97 46.8643 
122.677 2.77781 2.29622 1589.44 38.6489 
122.677 2.77781 2.29622 1589.44 38.6489 
141.295 4.61691 2.42144 1574.41 42.9282 
112.981 1.31195 2.35901 1556.22 28.0594 
125.476 3.78082 2.10388 1597 48.4903 
149.95 3.47382 2.99896 1587.38 22.8024 
115.262 4.75098 1.34949 1575.78 25.6168 
117.661 2.34436 2.28119 1593.97 46.8643 
122.925 3.19427 2.09045 1595.68 44.2569 
122.927 0.527851 3.62197 1593.41 23.1591 
129.42 2.16217 2.79297 1578.03 46.2317 
111.193 1.89632 2.21293 1577.24 29.7017 
116.005 4.62799 1.3797 1595.97 29.1223 
111.193 1.89632 2.21293 1577.24 29.7017 
148.233 5.19077 2.71405 1590.81 39.0102 
122.925 3.19427 2.09045 1595.68 44.2569 
145.399 4.32922 2.57477 1579.29 31.5594 
110.926 0.345147 2.67604 1574.56 47.4862 
132.59 6.44257 1.61163 1567.78 30.5927 
148.317 1.1734 4.2572 1560.42 27.8653 
138.416 6.80327 1.68537 1576.64 46.4514 
134.012 5.34821 2.01752 1583.82 44.7028 
122.925 3.19427 2.09045 1595.68 44.2569 
122.925 3.19427 2.09045 1595.68 44.2569 
146.671 3.508 2.78381 1556 41.925 
149.95 3.47382 2.99896 1587.38 22.8024 
137.444 1.33423 3.9958 1566.45 49.5592 
112.981 1.31195 2.35901 1556.22 28.0594 
102.454 3.86169 1.16638 1599.91 42.197 
149.164 0.977859 4.6522 1586.7 30.9765 
122.677 2.77781 2.29622 1589.44 38.6489 
105.806 3.08282 2.52968 1579.1 37.8238 
125.62 0.435062 3.25774 1574.22 44.0856 
117.661 2.34436 2.28119 1593.97 46.8643 
147.66 4.05579 2.79572 1578.44 40.4666 
132.77 0.962524 3.3371 1575.07 25.3384 
122.917 0.634297 3.20705 1589.29 37.299 
142.348 3.64667 2.71833 1567.16 38.3184 
149.164 0.977859 4.6522 1586.7 30.9765 
122.925 3.19427 2.09045 1595.68 44.2569 
148.764 6.17615 2.15271 1592.68 23.8525 
102.762 3.84132 1.19153 1599.74 42.1909 
112.981 1.31195 2.35901 1556.22 28.0594 
143.283 0.880432 4.40643 1554.15 28.3377 
122.925 3.19427 2.09045 1595.68 44.2569 
122.677 2.77781 2.29622 1589.44 38.6489 
128.996 2.20349 2.75325 1577.79 46.1501 
139.166 3.05359 2.96906 1586.63 33.3127 
114.419 2.99913 1.86692 1568.4 37.4227 
102.454 3.86169 1.16638 1599.91 42.197 
131.859 0.161743 4.32159 1585.45 29.3915 
122.677 2.77781 2.29622 1589.44 38.6489 
111.514 1.8811 2.2287 1574.84 41.9287 
122.917 0.634297 3.20705 1589.29 37.299 
122.925 3.19427 2.09045 1595.68 44.2569 
129.42 2.16217 2.79297 1578.03 46.2317 
145.399 4.32922 2.57477 1579.29 31.5594 
117.661 2.34436 2.28119 1593.97 46.8643 
136.227 2.2699 3.61938 1567.51 42.4094 
122.677 2.77781 2.29622 1589.44 38.6489 
132.77 0.962524 3.3371 1575.07 25.3384 
122.677 2.77781 2.29622 1589.44 38.6489 
130.294 2.82494 2.53846 1585.72 34.6676 
129.42 2.16217 2.79297 1578.03 46.2317 
130.294 2.82494 2.53846 1585.72 34.6676 
112.981 1.31195 2.35901 1556.22 28.0594 
112.981 1.31195 2.35901 1556.22 28.0594 
142.024 4.58557 2.40662 1552.95 31.6574 
112.359 1.9909 2.2854 1575.36 41.7677 
122.925 3.19427 2.09045 1595.68 44.2569 
122.677 2.77781 2.29622 1589.44 38.6489 
129.42 2.16217 2.79297 1578.03 46.2317 
142.024 4.58557 2.40662 1552.95 31.6574 
122.925 3.19427 2.09045 1595.68 44.2569 
136.39 3.36248 2.57058 1577.6 35.6523 
112.981 1.31195 2.35901 1556.22 28.0594 
122.925 3.19427 2.09045 1595.68 44.2569 
113.467 1.75206 2.38578 1575.64 40.9877 
143.283 0.880432 4.40643 1554.15 28.3377 
125.932 4.20482 1.94149 1587 40.006 
143.924 0.607897 3.83808 1569.91 30.7833 
139.674 1.92158 3.35228 1583.99 34.1497 
143.712 5.47002 2.06375 1589.68 36.7848 
132.77 0.962524 3.3371 1575.07 25.3384 
122.677 2.77781 2.29622 1589.44 38.6489 
129.42 2.16217 2.79297 1578.03 46.2317 
112.981 1.31195 2.35901 1556.22 28.0594 
112.981 1.31195 2.35901 1556.22 28.0594 
122.925 3.19427 2.09045 1595.68 44.2569 
147.66 4.05579 2.79572 1578.44 40.4666 
145.399 4.32922 2.57477 1579.29 31.5594 
118.513 1.37665 3.34961 1553.52 47.1591 
122.925 3.19427 2.09045 1595.68 44.2569 
112.981 1.31195 2.35901 1556.22 28.0594 
132.59 6.44257 1.61163 1567.78 30.5927 
127.73 4.80763 1.87487 1577.44 40.7627 
133.917 5.36135 2.00338 1583.91 44.5913 
122.925 3.19427 2.09045 1595.68 44.2569 
122.677 2.77781 2.29622 1589.44 38.6489 
137.81 1.52771 4.04724 1580.72 41.503 
126.884 2.69417 2.50121 1590.57 25.3291 
102.454 3.86169 1.16638 1599.91 42.197 
122.925 3.19427 2.09045 1595.68 44.2569 
145.399 4.32922 2.57477 1579.29 31.5594 
102.454 3.86169 1.16638 1599.91 42.197 
141.222 2.46822 3.75879 1576.52 30.3816 
122.677 2.77781 2.29622 1589.44 38.6489 
131.859 0.161743 4.32159 1585.45 29.3915 
122.925 3.19427 2.09045 1595.68 44.2569 
128.003 4.8407 1.95953 1592.22 30.188 
139.674 1.92158 3.35228 1583.99 34.1497 
139.552 5.52074 2.0349 1580.54 36.2553 
117.661 2.34436 2.28119 1593.97 46.8643 
130.294 2.82494 2.53846 1585.72 34.6676 
139.674 1.92158 3.35228 1583.99 34.1497 
122.925 3.19427 2.09045 1595.68 44.2569 
112.981 1.31195 2.35901 1556.22 28.0594 
102.454 3.86169 1.16638 1599.91 42.197 
145.399 4.32922 2.57477 1579.29 31.5594 
122.925 3.19427 2.09045 1595.68 44.2569 
139.408 5.5215 2.02332 1580.01 36.3484 
112.291 1.03546 2.66663 1573.31 38.2025 
139.674 1.92158 3.35228 1583.99 34.1497 
147.66 4.05579 2.79572 1578.44 40.4666 
122.925 3.19427 2.09045 1595.68 44.2569 
122.925 3.19427 2.09045 1595.68 44.2569 
135.023 3.909 2.45209 1556.29 49.7885 
112.981 1.31195 2.35901 1556.22 28.0594 
145.399 4.32922 2.57477 1579.29 31.5594 
112.981 1.31195 2.35901 1556.22 28.0594 
112.981 1.31195 2.35901 1556.22 28.0594 
139.674 1.92158 3.35228 1583.99 34.1497 
137.911 3.31038 2.90141 1562.5 45.9466 
129.42 2.16217 2.79297 1578.03 46.2317 
122.925 3.19427 2.09045 1595.68 44.2569 
122.677 2.77781 2.29622 1589.44 38.6489 
122.925 3.19427 2.09045 1595.68 44.2569 
122.925 3.19427 2.09045 1595.68 44.2569 
129.42 2.16217 2.79297 1578.03 46.2317 
141.295 4.61691 2.42144 1574.41 42.9282 
132.149 2.3111 3.49243 1552.79 23.8406 
139.408 5.5215 2.02332 1580.01 36.3484 
112.981 1.31195 2.35901 1556.22 28.0594 
112.981 1.31195 2.35901 1556.22 28.0594 
132.569 6.43854 1.61324 1567.89 30.6273 
147.66 4.05579 2.79572 1578.44 40.4666 
122.677 2.77781 2.29622 1589.44 38.6489 
145.399 4.32922 2.57477 1579.29 31.5594 
139.166 3.05359 2.96906 1586.63 33.3127 
132.77 0.962524 3.3371 1575.07 25.3384 
132.77 0.962524 3.3371 1575.07 25.3384 
122.925 3.19427 2.09045 1595.68 44.2569 
102.454 3.86169 1.16638 1599.91 42.197 
143.924 0.607897 3.83808 1569.91 30.7833 
132.59 6.44257 1.61163 1567.78 30.5927 
132.77 0.962524 3.3371 1575.07 25.3384 
112.981 1.31195 2.35901 1556.22 28.0594 
119.835 2.2821 2.24792 1595.18 48.0536 
112.981 1.31195 2.35901 1556.22 28.0594 
122.677 2.77781 2.29622 1589.44 38.6489 
123.734 3.06223 2.17879 1593.29 44.5092 
111.514 1.8811 2.2287 1574.84 41.9287 
119.045 3.62585 1.80496 1556.48 25.9517 
142.024 4.58557 2.40662 1552.95 31.6574 
138.281 0.305331 4.26201 1586.36 29.7806 
145.399 4.32922 2.57477 1579.29 31.5594 
122.925 3.19427 2.09045 1595.68 44.2569 
112.981 1.31195 2.35901 1556.22 28.0594 
145.399 4.32922 2.57477 1579.29 31.5594 
128.478 4.74322 1.75267 1585.03 21.4844 
139.674 1.92158 3.35228 1583.99 34.1497 
122.636 0.507507 3.23944 1589.52 37.0993 
149.95 3.47382 2.99896 1587.38 22.8024 
141.295 4.61691 2.42144 1574.41 42.9282 
149.95 3.47382 2.99896 1587.38 22.8024 
112.981 1.31195 2.35901 1556.22 28.0594 
112.981 1.31195 2.35901 1556.22 28.0594 
122.925 3.19427 2.09045 1595.68 44.2569 
122.677 2.77781 2.29622 1589.44 38.6489 
143.166 5.17952 2.29562 1585.71 37.3763 
122.925 3.19427 2.09045 1595.68 44.2569 
149.164 0.977859 4.6522 1586.7 30.9765 
117.661 2.34436 2.28119 1593.97 46.8643 
128.996 2.20349 2.75325 1577.79 46.1501 
123.231 0.610963 3.69064 1574.46 34.4143 
126.242 4.79048 2.66436 1575.2 28.1597 
128.003 4.8407 1.95953 1592.22 30.188 
128.183 3.52448 2.2287 1574.84 41.9287 
122.677 2.77781 2.29622 1589.44 38.6489 
149.164 0.977859 4.6522 1586.7 30.9765 
107.843 0.467224 2.5592 1574.96 24.0256 
121.81 1.82595 2.75992 1591.37 40.6242 
106.656 0.171814 2.55676 1572 49.1605 
112.981 1.31195 2.35901 1556.22 28.0594 
139.674 1.92158 3.35228 1583.99 34.1497 
111.514 1.8811 2.2287 1574.84 41.9287 
117.661 2.34436 2.28119 1577.35 33.6945 
142.024 4.58557 2.40662 1552.95 31.6574 
147.66 4.05579 2.79572 1578.44 40.4666 
114.874 2.38836 2.14307 1578 36.7868 
139.408 5.5215 2.02332 1580.01 36.3484 
122.925 3.19427 2.09045 1595.68 44.2569 
145.399 4.32922 2.57477 1579.29 31.5594 
112.981 1.31195 2.35901 1556.22 28.0594 
120.063 2.01823 2.54389 1593.89 47.1742 
125.62 0.435062 3.25774 1574.22 44.0856 
112.981 1.31195 2.35901 1556.22 28.0594 
121.191 0.861511 3.6087 1564.12 25.6671 
135.332 5.88684 1.96716 1577.74 37.9764 
131.859 0.161743 4.32159 1585.45 29.3915 
112.291 1.03546 2.66663 1573.31 38.2025 
149.164 0.977859 4.6522 1586.7 30.9765 
109.321 0.204335 2.72573 1573.65 48.5571 
117.661 2.34436 2.28119 1593.97 46.8643 
111.514 1.8811 2.2287 1574.84 41.9287 
139.674 1.92158 3.35228 1583.99 34.1497 
122.925 3.19427 2.09045 1595.68 44.2569 
149.164 0.977859 4.6522 1586.7 30.9765 
119.045 3.62585 1.80496 1556.48 25.9517 
102.454 3.86169 1.16638 1599.91 42.197 
142.024 4.58557 2.40662 1552.95 31.6574 
107.843 0.467224 2.5592 1574.96 24.0256 
106.656 0.171814 2.55676 1572 49.1605 
117.661 2.34436 2.28119 1593.97 46.8643 
123.612 5.36238 1.50546 1564.93 29.1351 
113.467 1.75206 2.38578 1575.64 40.9877 
109.668 2.33917 2.08527 1594.29 46.3919 
118.824 4.23685 1.73295 1570 35.8569 
139.674 1.92158 3.35228 1583.99 34.1497 
129.42 2.16217 2.79297 1578.03 46.2317 
129.42 2.16217 2.79297 1578.03 46.2317 
143.166 5.17952 2.29562 1585.71 37.3763 
112.291 1.03546 2.66663 1573.31 38.2025 
122.636 0.507507 3.23944 1589.52 37.0993 
120.248 3.77811 1.80749 1595.78 44.879 
122.909 1.0683 3.02206 1580.99 34.1567 
113.235 2.1018 2.34493 1575.87 41.6157 
112.981 1.31195 2.35901 1556.22 28.0594 
131.859 0.161743 4.32159 1585.45 29.3915 
122.677 2.77781 2.29622 1589.44 38.6489 
139.674 1.92158 3.35228 1583.99 34.1497 
128.481 4.21185 2.0605 1559.72 34.3509 
119.99 5.02441 1.53769 1555.54 37.226 
132.449 3.24218 2.59292 1582.94 35.7077 
112.981 1.31195 2.35901 1556.22 28.0594 
130.294 2.82494 2.53846 1585.72 34.6676 
125.62 0.435062 3.25774 1574.22 44.0856 
118.927 0.4755 3.78925 1568.97 40.7429 
112.825 2.69348 2.08008 1561.47 45.3839 
107.843 0.467224 2.5592 1574.96 24.0256 
132.77 0.962524 3.3371 1575.07 25.3384 
121.319 2.01525 2.62579 1575.47 40.0794 
139.674 1.92158 3.35228 1583.99 34.1497 
139.674 1.92158 3.35228 1583.99 34.1497 
145.399 4.32922 2.57477 1579.29 31.5594 
131.253 0.635398 4.24209 1569.31 33.6295 
125.717 1.37388 2.97886 1575.36 31.2156 
117.661 2.34436 2.28119 1593.97 46.8643 
149.95 3.47382 2.99896 1587.38 22.8024 
102.454 3.86169 1.16638 1599.91 42.197 
122.925 3.19427 2.09045 1595.68 44.2569 
120.248 3.77811 1.80749 1595.78 44.879 
149.164 0.977859 4.6522 1586.7 30.9765 
113.715 4.501 1.62952 1576.9 21.2612 
132.59 6.44257 1.61163 1567.78 30.5927 
126.884 2.69417 2.50121 1590.57 25.3291 
145.399 4.32922 2.57477 1579.29 31.5594 
145.399 4.32922 2.57477 1579.29 31.5594 
122.925 3.19427 2.09045 1595.68 44.2569 
123.734 3.06223 2.17879 1593.29 44.5092 
147.66 4.05579 2.79572 1578.44 40.4666 
122.925 3.19427 2.09045 1595.68 44.2569 
117.661 2.34436 2.28119 1593.97 46.8643 
122.925 3.19427 2.09045 1595.68 44.2569 
142.024 4.58557 2.40662 1552.95 31.6574 
136.39 3.36248 2.57058 1577.6 35.6523 
120.271 3.75059 1.96534 1582.66 47.8094 
128.454 5.52605 1.97189 1590.03 37.3555 
145.125 4.92189 2.45436 1578.14 42.4068 
107.843 0.467224 2.5592 1574.96 24.0256 
111.514 1.8811 2.2287 1574.84 41.9287 
111.514 1.8811 2.2287 1574.84 41.9287 
130.413 4.7012 1.85345 1578.27 35.8209 
145.993 3.61013 2.91193 1579.6 39.1476 
139.674 1.92158 3.35228 1583.99 34.1497 
122.925 3.19427 2.09045 1595.68 44.2569 
112.981 1.31195 2.35901 1556.22 28.0594 
122.909 1.0683 3.02206 1580.99 34.1567 
112.291 1.03546 2.66663 1573.31 38.2025 
139.674 1.92158 3.35228 1583.99 34.1497 
122.925 3.19427 2.09045 1595.68 44.2569 
107.843 0.467224 2.5592 1574.96 24.0256 
112.981 1.31195 2.35901 1556.22 28.0594 
128.183 3.52448 2.2287 1574.84 41.9287 
111.514 1.8811 2.2287 1574.84 41.9287 
112.981 1.31195 2.35901 1556.22 28.0594 
113.098 0.879974 2.61613 1575.71 29.4332 
124.686 2.67057 2.30995 1592.17 44.9236 
132.59 6.44257 1.61163 1567.78 30.5927 
127.362 2.81893 2.47207 1562.4 28.3836 
147.66 4.05579 2.79572 1578.44 40.4666 
112.981 1.31195 2.35901 1556.22 28.0594 
111.514 1.8811 2.2287 1574.84 41.9287 
130.069 2.6514 2.6287 1590.69 39.9456 
139.674 1.92158 3.35228 1583.99 34.1497 
112.291 1.03546 2.66663 1573.31 38.2025 
112.981 1.31195 2.35901 1556.22 28.0594 
122.925 3.19427 2.09045 1595.68 44.2569 
122.925 3.19427 2.09045 1595.68 44.2569 
147.66 4.05579 2.79572 1578.44 40.4666 
102.454 3.86169 1.16638 1599.91 42.197 
121.028 4.08271 1.82252 1577.72 27.6321 
132.77 0.962524 3.3371 1575.07 25.3384 
143.712 5.47002 2.06375 1589.68 36.7848 
143.807 3.39312 2.7342 1559.75 42.4126 
106.122 2.28638 1.88995 1593.11 42.8983 
132.59 6.44257 1.61163 1567.78 30.5927 
112.981 1.31195 2.35901 1556.22 28.0594 
107.843 0.467224 2.5592 1574.96 24.0256 
112.981 1.31195 2.35901 1556.22 28.0594 
138.643 3.40836 2.85639 1564.08 44.2798 
142.024 4.58557 2.40662 1552.95 31.6574 
137.059 0.317688 4.2804 1553.86 25.6845 
135.356 1.64123 3.82705 1560.7 31.5284 
112.981 1.31195 2.35901 1556.22 28.0594 
107.843 0.467224 2.5592 1574.96 24.0256 
123.734 3.06223 2.17879 1593.29 44.5092 
122.677 2.77781 2.29622 1589.44 38.6489 
122.925 3.19427 2.09045 1595.68 44.2569 
113.098 0.879974 2.61613 1575.71 29.4332 
122.925 3.19427 2.09045 1595.68 44.2569 
139.674 1.92158 3.35228 1583.99 34.1497 
118.152 7.9776 0.656128 1593.38 25.376 
132.59 6.44257 1.61163 1567.78 30.5927 
115.176 2.95571 1.87369 1571.01 37.9641 
129.42 2.16217 2.79297 1578.03 46.2317 
122.677 2.77781 2.29622 1589.44 38.6489 
143.973 4.04698 2.91489 1577.53 39.8458 
113.098 0.879974 2.61613 1575.71 29.4332 
139.674 1.92158 3.35228 1583.99 34.1497 
132.59 6.44257 1.61163 1567.78 30.5927 
110.724 0.990589 3.12917 1573.22 38.7136 
112.981 1.31195 2.35901 1556.22 28.0594 
139.674 1.92158 3.35228 1583.99 34.1497 
122.677 2.77781 2.29622 1589.44 38.6489 
112.981 1.31195 2.35901 1556.22 28.0594 
112.981 1.31195 2.35901 1556.22 28.0594 
118.472 4.01089 1.66462 1568.02 34.9554 
112.981 1.31195 2.35901 1556.22 28.0594 
115.262 4.75098 1.34949 1575.78 25.6168 
132.77 0.962524 3.3371 1575.07 25.3384 
122.677 2.77781 2.29622 1589.44 38.6489 
145.399 4.32922 2.57477 1579.29 31.5594 
130.679 3.01147 2.63794 1586.36 35.0476 
111.514 1.8811 2.2287 1574.84 41.9287 
122.677 2.77781 2.29622 1589.44 38.6489 
112.981 1.31195 2.35901 1556.22 28.0594 
138.038 4.20029 2.43251 1554.85 41.9824 
131.071 5.12099 1.74485 1572.07 33.1656 
128.481 4.21185 2.0605 1559.72 34.3509 
139.408 5.5215 2.02332 1580.01 36.3484 
117.661 2.34436 2.28119 1593.97 46.8643 
140.443 4.36623 2.43885 1557.61 32.1298 
111.508 1.88313 2.22756 1574.86 41.9154 
119.835 2.2821 2.24792 1595.18 48.0536 
145.399 4.32922 2.57477 1579.29 31.5594 
107.843 0.467224 2.5592 1574.96 24.0256 
117.661 2.34436 2.28119 1593.97 46.8643 
143.166 5.17952 2.29562 1585.71 37.3763 
106.656 0.171814 2.55676 1572 49.1605 
128.365 5.63049 1.93364 1590.43 37.5517 
132.77 0.962524 3.3371 1575.07 25.3384 
143.712 5.47002 2.06375 1589.68 36.7848 
149.95 3.47382 2.99896 1587.38 22.8024 
132.59 6.44257 1.61163 1567.78 30.5927 
142.024 4.58557 2.40662 1552.95 31.6574 
131.859 0.161743 4.32159 1585.45 29.3915 
122.677 2.77781 2.29622 1589.44 38.6489 
131.859 0.161743 4.32159 1585.45 29.3915 
114.762 1.72897 2.45333 1576.49 41.712 
114.975 3.51013 1.8219 1579.81 36.1115 
118.437 1.0376 3.40515 1573.81 35.5072 
149.164 0.977859 4.6522 1586.7 30.9765 
102.454 3.86169 1.16638 1599.91 42.197 
131.277 3.36536 2.5555 1588.79 31.5289 
139.408 5.5215 2.02332 1580.01 36.3484 
147.66 4.05579 2.79572 1578.44 40.4666 
127.557 0.639038 3.76221 1590.34 24.6262 
139.166 3.05359 2.96906 1586.63 33.3127 
135.38 0.885149 4.26248 1570.26 39.1009 
143.924 0.607897 3.83808 1569.91 30.7833 
117.661 2.34436 2.28119 1593.97 46.8643 
117.661 2.34436 2.28119 1593.97 46.8643 
128.375 5.63568 1.93298 1590.44 37.5497 
132.832 4.75166 2.025 1570.35 33.4664 
139.674 1.92158 3.35228 1583.99 34.1497 
119.047 2.44359 2.29587 1593.23 46.0992 
143.166 5.17952 2.29562 1585.71 37.3763 
149.95 3.47382 2.99896 1587.38 22.8024 
145.399 4.32922 2.57477 1579.29 31.5594 
128.003 4.8407 1.95953 1592.22 30.188 
132.547 6.38528 1.62744 1567.91 30.8019 
122.925 3.19427 2.09045 1595.68 44.2569 
145.399 4.32922 2.57477 1579.29 31.5594 
130.679 3.01147 2.63794 1586.36 35.0476 
145.399 4.32922 2.57477 1579.29 31.5594 
131.859 0.161743 4.32159 1585.45 29.3915 
118.066 1.5155 2.25098 1571.26 44.0857 
112.981 1.31195 2.35901 1556.22 28.0594 
142.024 4.58557 2.40662 1552.95 31.6574 
143.712 5.47002 2.06375 1589.68 36.7848 
107.843 0.467224 2.5592 1574.96 24.0256 
139.674 1.92158 3.35228 1583.99 34.1497 
145.399 4.32922 2.57477 1579.29 31.5594 
111.508 1.88313 2.22756 1574.86 41.9154 
130.679 3.01147 2.63794 1586.36 35.0476 
136.227 2.2699 3.61938 1567.51 42.4094 
112.981 1.31195 2.35901 1556.22 28.0594 
112.981 1.31195 2.35901 1556.22 28.0594 
119.99 5.02441 1.53769 1555.54 37.226 
132.59 6.44257 1.61163 1567.78 30.5927 
109.668 2.33917 2.08527 1594.29 46.3919 
147.66 4.05579 2.79572 1578.44 40.4666 
107.843 0.467224 2.5592 1574.96 24.0256 
116.472 2.35088 2.12209 1558.77 37.7001 
122.636 0.507507 3.23944 1589.52 37.0993 
136.39 3.36248 2.57058 1577.6 35.6523 
112.981 1.31195 2.35901 1556.22 28.0594 
149.95 3.47382 2.99896 1587.38 22.8024 
132.946 2.05362 3.20635 1575.36 37.4237 
116.563 4.97383 1.34533 1578.91 45.5423 
130.294 2.82494 2.53846 1585.72 34.6676 
149.95 3.47382 2.99896 1587.38 22.8024 
128.481 4.21185 2.0605 1559.72 34.3509 
112.291 1.03546 2.66663 1573.31 38.2025 
139.408 5.5215 2.02332 1580.01 36.3484 
122.925 3.19427 2.09045 1595.68 44.2569 
147.66 4.05579 2.79572 1578.44 40.4666 
139.674 1.92158 3.35228 1583.99 34.1497 
122.925 3.19427 2.09045 1595.68 44.2569 
113.467 1.75206 2.38578 1575.64 40.9877 
107.843 0.467224 2.5592 1574.96 24.0256 
139.674 1.92158 3.35228 1583.99 34.1497 
117.661 2.34436 2.28119 1593.97 46.8643 
129.42 2.16217 2.79297 1578.03 46.2317 
145.026 5.95909 1.67143 1577.69 43.1076 
122.677 2.77781 2.29622 1589.44 38.6489 
117.661 2.34436 2.28119 1593.97 46.8643 
142.594 6.17869 1.90891 1562.97 38.3645 
145.399 4.32922 2.57477 1579.29 31.5594 
112.981 1.31195 2.35901 1556.22 28.0594 
112.981 1.31195 2.35901 1556.22 28.0594 
115.176 2.95571 1.87369 1571.01 37.9641 
122.925 3.19427 2.09045 1595.68 44.2569 
122.925 3.19427 2.09045 1595.68 44.2569 
112.981 1.31195 2.35901 1556.22 28.0594 
102.454 3.86169 1.16638 1599.91 42.197 
107.843 0.467224 2.5592 1574.96 24.0256 
143.166 5.17952 2.29562 1585.71 37.3763 
140.443 4.36623 2.43885 1557.61 32.1298 
114.419 2.99913 1.86692 1568.4 37.4227 
102.454 3.86169 1.16638 1599.91 42.197 
119.685 2.79632 2.09671 1568.68 25.2151 
123.912 3.72387 2.03867 1591.97 30.8018 
117.661 2.34436 2.28119 1593.97 46.8643 
112.981 1.31195 2.35901 1556.22 28.0594 
118.236 0.330012 3.0582 1572.95 41.1279 
129.04 1.01893 3.85023 1566.72 45.2833 
122.677 2.77781 2.29622 1589.44 38.6489 
142.024 4.58557 2.40662 1552.95 31.6574 
145.399 4.32922 2.57477 1579.29 31.5594 
112.291 1.03546 2.66663 1573.31 38.2025 
122.925 3.19427 2.09045 1595.68 44.2569 
122.677 2.77781 2.29622 1589.44 38.6489 
145.399 4.32922 2.57477 1579.29 31.5594 
122.677 2.77781 2.29622 1589.44 38.6489 
122.925 3.19427 2.09045 1595.68 44.2569 
107.843 0.467224 2.5592 1574.96 24.7169 
112.981 1.31195 2.35901 1556.22 28.0594 
107.843 0.467224 2.5592 1574.96 24.0256 
122.925 3.19427 2.09045 1595.68 44.2569 
142.024 4.58557 2.40662 1552.95 31.6574 
137.593 1.52665 4.03716 1578.71 41.4193 
102.454 3.86169 1.16638 1599.91 42.197 
112.981 1.31195 2.35901 1556.22 28.0594 
134.697 2.24776 3.54338 1579.1 31.529 
122.677 2.77781 2.29622 1589.44 38.6489 
112.981 1.31195 2.35901 1556.22 28.0594 
122.925 3.19427 2.09045 1595.68 44.2569 
143.712 5.47002 2.06375 1589.68 36.7848 
135.97 5.23457 1.96985 1581.12 42.2065 
142.024 4.58557 2.40662 1552.95 31.6574 
128.478 4.74322 1.75267 1585.03 21.4844 
141.295 4.61691 2.42144 1574.41 42.9282 
145.399 4.32922 2.57477 1579.29 31.5594 
128.375 5.63568 1.93298 1590.44 37.5497 
117.661 2.34436 2.28119 1593.97 46.8643 
142.348 3.64667 2.71833 1567.16 38.3184 
112.981 1.31195 2.35901 1556.22 28.0594 
145.105 2.17792 3.97734 1558.34 35.5628 
122.925 3.19427 2.09045 1595.68 44.2569 
139.038 5.99294 1.83613 1564.64 36.706 
112.981 1.31195 2.35901 1556.22 28.0594 
131.253 0.635398 4.24209 1569.31 33.6295 
126.884 2.69417 2.50121 1590.57 25.3291 
117.661 2.34436 2.28119 1593.97 46.8643 
119.835 2.2821 2.24792 1595.18 48.0536 
112.981 1.31195 2.35901 1556.22 28.0594 
142.024 4.58557 2.40662 1552.95 31.6574 
122.925 3.19427 2.09045 1595.68 44.2569 
142.997 2.27267 3.41441 1591.8 34.3953 
118.472 4.01089 1.66462 1568.02 34.9554 
130.679 3.01147 2.63794 1586.36 35.0476 
112.981 1.31195 2.35901 1556.22 28.0594 
119.685 2.79632 2.09671 1568.68 25.2151 
111.514 1.8811 2.2287 1574.84 41.9287 
132.59 6.44257 1.61163 1567.78 30.5927 
122.925 3.19427 2.09045 1595.68 44.2569 
149.95 3.47382 2.99896 1587.38 22.8024 
112.981 1.31195 2.35901 1556.22 28.0594 
147.66 4.05579 2.79572 1578.44 40.4666 
107.843 0.467224 2.5592 1574.96 24.0256 
114.874 2.38836 2.14307 1578 36.7868 
122.925 3.19427 2.09045 1595.68 44.2569 
122.677 2.77781 2.29622 1589.44 38.6489 
114.874 2.38836 2.14307 1578 36.7868 
138.643 3.40836 2.85639 1564.08 44.2798 
141.554 4.69645 2.41991 1576.48 42.0562 
118.437 1.0376 3.40515 1573.81 35.5072 
129.42 2.16217 2.79297 1578.03 46.2317 
132.59 6.44257 1.61163 1567.78 30.5927 
107.843 0.467224 2.5592 1574.96 24.0256 
107.843 0.467224 2.5592 1574.96 24.0256 
129.42 2.16217 2.79297 1578.03 46.2317 
112.981 1.31195 2.35901 1556.22 28.0594 
117.661 2.34436 2.28119 1593.97 46.8643 
116.472 2.35088 2.12209 1558.77 37.7001 
119.715 1.24696 3.4372 1552.82 44.5255 
142.024 4.58557 2.40662 1552.95 31.6574 
130.679 3.01147 2.63794 1586.36 35.0476 
121.319 2.01525 2.62579 1575.47 40.0794 
139.988 2.48882 3.66148 1577.38 30.9317 
142.024 4.58557 2.40662 1552.95 31.6574 
122.925 3.19427 2.09045 1595.68 44.2569 
106.656 0.171814 2.55676 1572 49.1605 
135.32 3.76662 2.57696 1572.41 42.0252 
135.356 1.64123 3.82705 1560.7 31.5284 
128.996 2.20349 2.75325 1577.79 46.1501 
136.39 3.36248 2.57058 1577.6 35.6523 
135.538 0.984802 4.41223 1598.94 47.5629 
139.408 5.5215 2.02332 1580.01 36.3484 
112.21 2.13525 2.18216 1561.94 29.3793 
112.981 1.31195 2.35901 1556.22 28.0594 
136.39 3.36248 2.57058 1577.6 35.6523 
137.81 1.52771 4.04724 1580.72 41.503 
143.077 5.16407 2.29806 1585.71 37.3597 
115.128 0.507202 3.61786 1550.27 23.3929 
128.375 5.63568 1.93298 1590.44 37.5497 
112.981 1.31195 2.35901 1556.22 28.0594 
107.843 0.467224 2.5592 1574.96 24.0256 
142.024 4.58557 2.40662 1552.95 31.6574 
111.514 1.8811 2.2287 1574.84 41.9287 
122.925 3.19427 2.09045 1595.68 44.2569 
139.408 5.5215 2.02332 1580.01 36.3484 
122.925 3.19427 2.09045 1595.68 44.2569 
129.42 2.16217 2.79297 1578.03 46.2317 
139.674 1.92158 3.35228 1583.99 34.1497 
113.235 2.1018 2.34493 1575.87 41.6157 
106.122 2.28638 1.88995 1593.11 42.8983 
117.661 2.34436 2.28119 1593.97 46.8643 
112.981 1.31195 2.35901 1556.22 28.0594 
102.454 3.86169 1.16638 1599.91 42.197 
134.012 5.34821 2.01752 1583.82 44.7028 
112.981 1.31195 2.35901 1556.22 28.0594 
132.59 6.44257 1.61163 1567.78 30.5927 
112.981 1.31195 2.35901 1556.22 28.0594 
107.843 0.467224 2.5592 1574.96 24.0256 
131.859 0.161743 4.32159 1585.45 29.3915 
118.472 4.01089 1.66462 1568.02 34.9554 
145.399 4.32922 2.57477 1579.29 31.5594 
129.42 2.16217 2.79297 1578.03 46.2317 
143.712 5.47002 2.06375 1589.68 36.7848 
128.494 5.77418 1.66223 1569.87 46.4751 
107.843 0.467224 2.5592 1574.96 24.0256 
129.42 2.16217 2.79297 1578.03 46.2317 
112.981 1.31195 2.35901 1556.22 28.0594 
113.098 0.879974 2.61613 1575.71 29.4332 
122.925 3.19427 2.09045 1595.68 44.2569 
112.981 1.31195 2.35901 1556.22 28.0594 
129.42 2.16217 2.79297 1578.03 46.2317 
132.59 6.44257 1.61163 1567.78 30.5927 
117.661 2.34436 2.28119 1593.97 46.8643 
122.677 2.77781 2.29622 1589.44 38.6489 
135.052 1.5402 3.86922 1581.01 31.687 
145.716 6.76902 1.80801 1573.73 38.7482 
134.012 5.34821 2.01752 1583.82 44.7028 
122.925 3.19427 2.09045 1595.68 44.2569 
121.191 0.861511 3.6087 1564.12 25.6671 
107.843 0.467224 2.5592 1574.96 24.0256 
143.924 0.607897 3.83808 1569.91 30.7833 
112.21 2.13525 2.18216 1561.94 29.3793 
129.42 2.16217 2.79297 1578.03 46.2317 
116.563 4.97383 1.34533 1578.91 45.5423 
132.59 6.44257 1.61163 1567.78 30.5927 
122.925 3.19427 2.09045 1595.68 44.2569 
112.291 1.03546 2.66663 1573.31 38.2025 
112.981 1.31195 2.35901 1556.22 28.0594 
121.028 4.08271 1.82252 1577.72 27.6321 
131.253 0.635398 4.24209 1569.31 33.6295 
102.454 3.86169 1.16638 1599.91 42.197 
118.236 0.330012 3.0582 1572.95 41.1279 
122.636 0.507507 3.23944 1589.52 37.0993 
122.925 3.19427 2.09045 1595.68 44.2569 
139.674 1.92158 3.35228 1583.99 34.1497 
122.677 2.77781 2.29622 1589.44 38.6489 
135.023 3.909 2.45209 1556.29 49.7885 
149.164 0.977859 4.6522 1586.7 30.9765 
122.636 0.507507 3.23944 1589.52 37.0993 
132.77 0.962524 3.3371 1575.07 25.3384 
115.128 0.507202 3.61786 1550.27 23.3929 
126.626 6.29359 1.32411 1577.14 23.6958 
112.981 1.31195 2.35901 1556.22 28.0594 
112.291 1.03546 2.66663 1573.31 38.2025 
111.514 1.8811 2.2287 1574.84 41.9287 
142.024 4.58557 2.40662 1552.95 31.6574 
135.332 5.88684 1.96716 1577.74 37.9764 
129.42 2.16217 2.79297 1578.03 46.2317 
139.148 0.568237 4.61639 1592.08 43.1877 
112.981 1.31195 2.35901 1556.22 28.0594 
110.275 2.15081 2.13546 1587.31 43.0303 
130.294 2.82494 2.53846 1585.72 34.6676 
117.661 2.34436 2.28119 1593.97 46.8643 
122.925 3.19427 2.09045 1595.68 44.2569 
132.59 6.44257 1.61163 1567.78 30.5927 
122.925 3.19427 2.09045 1595.68 44.2569 
131.859 0.161743 4.32159 1585.45 29.3915 
122.925 3.19427 2.09045 1595.68 44.2569 
116.563 4.97383 1.34533 1578.91 45.5423 
102.762 3.84132 1.19153 1599.74 42.1909 
110.396 0.873413 3.17261 1573.59 38.8736 
139.674 1.92158 3.35228 1583.99 34.1497 
130.679 3.01147 2.63794 1586.36 35.0476 
130.294 2.82494 2.53846 1585.72 34.6676 
122.925 3.19427 2.09045 1595.68 44.2569 
140.443 4.36623 2.43885 1557.61 32.1298 
136.39 3.36248 2.57058 1577.6 35.6523 
122.636 0.507507 3.23944 1589.52 37.0993 
116.563 4.97383 1.34533 1568.13 38.0143 
142.232 8.13115 1.26907 1566.65 32.4287 
143.924 0.607897 3.83808 1569.91 30.7833 
122.925 3.19427 2.09045 1595.68 44.2569 
145.399 4.32922 2.57477 1579.29 31.5594 
130.679 3.01147 2.63794 1586.36 35.0476 
130.413 4.7012 1.85345 1578.27 35.8209 
117.661 2.34436 2.28119 1593.97 46.8643 
145.399 4.32922 2.57477 1579.29 31.5594 
110.396 0.873413 3.17261 1573.59 38.8736 
112.981 1.31195 2.35901 1556.22 28.0594 
139.674 1.92158 3.35228 1583.99 34.1497 
122.925 3.19427 2.09045 1595.68 44.2569 
145.399 4.32922 2.57477 1579.29 31.5594 
106.122 2.28638 1.88995 1593.11 42.8983 
122.925 3.19427 2.09045 1595.68 44.2569 
128.523 1.65999 2.75574 1575.92 30.5698 
126.884 2.69417 2.50121 1590.57 25.3291 
122.677 2.77781 2.29622 1589.44 38.6489 
122.925 3.19427 2.09045 1595.68 44.2569 
149.873 7.72491 2.04407 1558.53 31.6473 
147.66 4.05579 2.79572 1578.44 40.4666 
122.074 0.562825 3.55513 1594.17 22.5638 
149.95 3.47382 2.99896 1587.38 22.8024 
141.295 4.61691 2.42144 1574.41 42.9282 
132.59 6.44257 1.61163 1567.78 30.5927 
143.283 0.880432 4.40643 1554.15 28.3377 
127.12 4.65177 2.00489 1569.31 33.1594 
135.97 5.23457 1.96985 1581.12 42.2065 
122.677 2.77781 2.29622 1589.44 38.6489 
128.46 7.04177 0.7098 1586.43 29.3465 
117.661 2.34436 2.28119 1593.97 46.8643 
122.909 1.0683 3.02206 1580.99 34.1567 
122.925 3.19427 2.09045 1595.68 44.2569 
122.925 3.19427 2.09045 1595.68 44.2569 
127.362 2.81893 2.47207 1562.4 28.3836 
145.399 4.32922 2.57477 1579.29 31.5594 
145.399 4.32922 2.57477 1579.29 31.5594 
149.95 3.47382 2.99896 1587.38 22.8024 
132.77 0.962524 3.3371 1575.07 25.3384 
110.396 0.873413 3.17261 1573.59 38.8736 
112.291 1.03546 2.66663 1573.31 38.2025 
140.015 4.84463 2.31998 1587.71 37.8601 
102.454 3.86169 1.16638 1599.91 42.197 
135.32 3.76662 2.57696 1572.41 42.0252 
127.557 0.639038 3.76221 1590.34 24.6262 
129.42 2.16217 2.79297 1578.03 46.2317 
129.113 1.20281 3.14346 1573.34 27.0393 
117.661 2.34436 2.28119 1593.97 46.8643 
122.925 3.19427 2.09045 1595.68 44.2569 
130.679 3.01147 2.63794 1586.36 35.0476 
145.399 4.32922 2.57477 1579.29 31.5594 
125.68 6.06759 1.49303 1565.24 48.2414 
112.981 1.31195 2.35901 1556.22 28.0594 
142.024 4.58557 2.40662 1552.95 31.6574 
113.467 1.75206 2.38578 1575.64 40.9877 
137.81 1.52771 4.04724 1580.72 41.503 
143.712 5.47002 2.06375 1589.68 36.7848 
142.594 6.17869 1.90891 1562.97 38.3645 
141.295 4.61691 2.42144 1574.41 42.9282 
139.674 1.92158 3.35228 1583.99 34.1497 
112.981 1.31195 2.35901 1556.22 28.0594 
119.045 3.62585 1.80496 1556.48 25.9517 
122.677 2.77781 2.29622 1589.44 38.6489 
112.981 1.31195 2.35901 1556.22 28.0594 
106.122 2.28638 1.88995 1593.11 42.8983 
147.66 4.05579 2.79572 1578.44 40.4666 
107.843 0.467224 2.5592 1574.96 24.0256 
143.924 0.607897 3.83808 1569.91 30.7833 
122.074 0.562825 3.55513 1594.17 22.5638 
119.99 5.02441 1.53769 1555.54 37.226 
113.467 1.75206 2.38578 1575.64 40.9877 
125.705 1.4119 3.4481 1569.77 27.5868 
132.59 6.44257 1.61163 1567.78 30.5927 
117.661 2.34436 2.28119 1593.97 46.8643 
111.508 1.88313 2.22756 1574.86 41.9154 
111.508 1.88313 2.22756 1574.86 41.9154 
148.764 6.17615 2.15271 1592.68 23.8525 
117.661 2.34436 2.28119 1593.97 46.8643 
129.42 2.16217 2.79297 1578.03 46.2317 
138.643 3.40836 2.85639 1564.08 44.2798 
142.024 4.58557 2.40662 1552.95 31.6574 
143.712 5.47002 2.06375 1589.68 36.7848 
122.925 3.19427 2.09045 1595.68 44.2569 
122.925 3.19427 2.09045 1595.68 44.2569 
122.925 3.19427 2.09045 1595.68 44.2569 
106.656 0.171814 2.55676 1572 49.1605 
122.677 2.77781 2.29622 1589.44 38.6489 
143.712 5.47002 2.06375 1589.68 36.7848 
120.271 3.75059 1.96534 1582.66 47.8094 
139.845 2.77366 2.99577 1581.68 34.0059 
106.656 0.171814 2.55676 1572 49.1605 
128.523 1.65999 2.75574 1575.92 30.5698 
129.518 0.851843 3.80902 1585.68 29.5714 
149.95 3.47382 2.99896 1587.38 22.8024 
142.024 4.58557 2.40662 1552.95 31.6574 
112.981 1.31195 2.35901 1556.22 28.0594 
112.981 1.31195 2.35901 1556.22 28.0594 
123.912 3.72387 2.03867 1591.97 30.8018 
128.996 2.20349 2.75325 1577.79 46.1501 
132.77 0.962524 3.3371 1575.07 25.3384 
130.294 2.82494 2.53846 1585.72 34.6676 
137.059 0.317688 4.2804 1553.86 25.6845 
129.42 2.16217 2.79297 1578.03 46.2317 
112.981 1.31195 2.35901 1556.22 28.0594 
112.981 1.31195 2.35901 1556.22 28.0594 
143.077 5.16407 2.29806 1585.71 37.3597 
122.925 3.19427 2.09045 1595.68 44.2569 
122.925 3.19427 2.09045 1595.68 44.2569 
106.122 2.28638 1.88995 1593.11 42.8983 
112.981 1.31195 2.35901 1556.22 28.0594 
147.66 4.05579 2.79572 1578.44 40.4666 
122.925 3.19427 2.09045 1595.68 44.2569 
143.924 0.607897 3.83808 1569.91 30.7833 
138.643 3.40836 2.85639 1564.08 44.2798 
122.677 2.77781 2.29622 1589.44 38.6489 
112.981 1.31195 2.35901 1556.22 28.0594 
130.583 0.98999 4.14795 1593.89 35.8102 
139.148 0.568237 4.61639 1592.08 41.8051 
106.656 0.171814 2.55676 1572 49.1605 
122.677 2.77781 2.29622 1589.44 38.6489 
102.454 3.86169 1.16638 1599.91 42.197 
130.294 2.82494 2.53846 1585.72 34.6676 
130.679 3.01147 2.63794 1586.36 35.0476 
106.122 2.28638 1.88995 1593.11 42.8983 
136.39 3.36248 2.57058 1577.6 35.6523 
117.661 2.34436 2.28119 1593.97 46.8643 
115.262 4.75098 1.34949 1575.78 25.6168 
149.95 3.47382 2.99896 1587.38 22.8024 
131.859 0.161743 4.32159 1585.45 29.3915 
122.677 2.77781 2.29622 1589.44 38.6489 
133.73 6.26404 1.81183 1552.08 23.5834 
134.241 4.25323 2.32536 1585.16 38.6699 
145.399 4.32922 2.57477 1579.29 31.5594 
112.981 1.31195 2.35901 1556.22 28.0594 
136.39 3.36248 2.57058 1577.6 35.6523 
112.291 1.03546 2.66663 1573.31 38.2025 
145.973 1.76788 3.65509 1595.55 33.7439 
129.42 2.16217 2.79297 1578.03 46.2317 
144.162 5.49652 2.40448 1597.35 33.2861 
117.661 2.34436 2.28119 1593.97 46.8643 
112.291 1.03546 2.66663 1573.31 38.2025 
148.764 6.17615 2.15271 1592.68 23.8525 
131.859 0.161743 4.32159 1585.45 29.3915 
112.849 4.31671 1.82831 1553 39.9942 
139.674 1.92158 3.35228 1583.99 34.1497 
115.176 2.95571 1.87369 1571.01 37.9641 
129.407 2.07769 2.87017 1577.26 45.5502 
112.981 1.31195 2.35901 1556.22 28.0594 
122.636 0.507507 3.23944 1589.52 37.0993 
136.39 3.36248 2.57058 1577.6 35.6523 
139.148 0.568237 4.61639 1592.08 41.8051 
128.478 4.74322 1.75267 1585.03 21.4844 
112.981 1.31195 2.35901 1556.22 28.0594 
139.988 2.48882 3.66148 1577.38 30.9317 
149.95 3.47382 2.99896 1587.38 22.8024 
142.024 4.58557 2.40662 1552.95 31.6574 
111.514 1.8811 2.2287 1574.84 41.9287 
102.454 3.86169 1.16638 1599.91 42.197 
122.677 2.77781 2.29622 1589.44 38.6489 
117.661 2.34436 2.28119 1593.97 46.8643 
122.636 0.507507 3.23944 1589.52 37.0993 
102.454 3.86169 1.16638 1599.91 42.197 
115.216 2.95858 1.87472 1571.02 37.9482 
112.981 1.31195 2.35901 1556.22 28.0594 
122.677 2.77781 2.29622 1589.44 38.6489 
148.232 3.53229 3.00862 1583.94 22.5051 
145.399 4.32922 2.57477 1579.29 31.5594 
139.408 5.5215 2.02332 1580.01 36.3484 
112.981 1.31195 2.35901 1556.22 28.0594 
132.77 0.962524 3.3371 1575.07 25.3384 
119.835 2.2821 2.24792 1595.18 48.0536 
122.677 2.77781 2.29622 1589.44 38.6489 
129.702 5.09525 1.81435 1587.35 45.9252 
145.399 4.32922 2.57477 1579.29 31.5594 
132.59 6.44257 1.61163 1567.78 30.5927 
111.508 1.88313 2.22756 1574.86 41.9154 
118.513 1.37665 3.34961 1553.52 47.1591 
102.454 3.86169 1.16638 1599.91 42.197 
149.164 0.977859 4.6522 1586.7 30.9765 
142.348 3.64667 2.71833 1567.16 38.3184 
132.449 3.24218 2.59292 1582.94 35.7077 
143.166 5.17952 2.29562 1585.71 37.3763 
112.981 1.31195 2.35901 1556.22 28.0594 
145.399 4.32922 2.57477 1579.29 31.5594 
119.835 2.2821 2.24792 1595.18 48.0536 
119.99 5.02441 1.53769 1555.54 37.226 
129.42 2.16217 2.79297 1578.03 46.2317 
149.164 0.977859 4.6522 1586.7 30.9765 
117.661 2.34436 2.28119 1593.97 46.8643 
121.291 0.428772 3.54797 1597.54 20.1511 
136.58 2.81709 3.59286 1569.34 41.6024 
117.661 2.34436 2.28119 1593.97 46.8643 
117.661 2.34436 2.28119 1593.97 46.8643 
112.981 1.31195 2.35901 1556.22 28.0594 
111.193 1.89632 2.21293 1577.24 29.7017 
127.362 2.81893 2.47207 1562.4 28.3836 
120.271 3.75059 1.96534 1582.66 47.8094 
130.679 3.01147 2.63794 1586.36 35.0476 
117.661 2.34436 2.28119 1593.97 46.8643 
106.656 0.171814 2.55676 1572 49.1605 
129.42 2.16217 2.79297 1578.03 46.2317 
122.925 3.19427 2.09045 1595.68 44.2569 
142.024 4.58557 2.40662 1552.95 31.6574 
123.912 3.72387 2.03867 1591.97 30.8018 
139.674 1.92158 3.35228 1583.99 34.1497 
102.454 3.86169 1.16638 1599.91 42.197 
112.981 1.31195 2.35901 1556.22 28.0594 
112.981 1.31195 2.35901 1556.22 28.0594 
