127.21 7.85201 8.09181 1572.69 41.6352 
125.009 5.00884 5.00884 1575.01 35.0088 
128.79 8.79016 8.79016 1578.79 38.7902 
114.737 0.146179 7.72156 1599.87 37.3859 
143.033 7.42526 5.54822 1556.02 27.8023 
140.462 4.46442 9.12964 1558.96 34.4571 
128.942 8.94223 8.94223 1578.94 38.9422 
141.522 7.30804 2.27234 1580 20.9631 
107.679 8.78297 8.17462 1579.08 25.8909 
132.771 9.07881 6.4956 1580.09 36.9005 
125.012 5.01182 5.01182 1575.01 35.0118 
103.907 7.6549 5.88239 1575.24 48.9446 
111.139 8.80194 6.87295 1565.04 41.5014 
100.542 5.63194 1.98313 1590.19 37.5267 
139.481 7.2825 2.97121 1576.57 21.5728 
126.972 1.59489 8.79524 1578.89 33.1279 
147.688 2.0722e-010 2.21159e-014 1575.02 35.0201 
112.217 1.44496 3.36478 1574.79 39.016 
131.909 4.41818 4.51545 1566.94 34.19 
144.922 6.1087 9.27795 1584.9 34.23 
129.311 7.99157 7.99468 1559.38 30.1574 
138.034 5.87353 5.86518 1565.23 27.0164 
133.482 6.5815 4.71811 1550.33 38.631 
125.014 5.01446 5.01446 1575.01 35.0145 
136.6 4.05579 2.79572 1578.44 40.4666 
106.319 8.93707 2.58698 1571.4 44.9683 
125.013 5.01254 5.01254 1575.01 35.0125 
141.444 8.5495 8.49152 1584.68 21.3678 
133.25 9.44868 5.89894 1562.84 30.6624 
123.655 1.01773 4.95022 1561.66 23.8449 
125.009 5.00884 5.00884 1575.01 35.0088 
111.139 8.80194 6.87295 1565.04 41.5014 
111.952 2.55127 4.06799 1589.75 28.1738 
136.299 9.63015 9.46527 1592.24 44.3565 
130.489 6.39008 2.9599 1595.93 28.6124 
113.991 5.97021 5.15073 1590.89 30.5308 
137.199 5.66175 4.53771 1574.59 38.7421 
106.319 8.93707 2.58698 1571.4 44.9683 
144.197 1.44928 0.0418091 1599.09 33.1204 
128.942 8.94223 8.94223 1578.94 38.9422 
126.215 3.74487 6.42192 1581.65 36.4382 
138.394 3.27035 2.52228 1574.12 42.3654 
144.922 6.1087 9.27795 1584.9 34.23 
125.016 5.01586 5.01586 1575.02 35.0159 
106.415 4.28801 7.74399 1580.98 46.0051 
144.103 7.22494 8.58338 1563.48 27.5197 
131.391 5.3686 6.3832 1578.18 34.7672 
144.556 8.3364 5.85095 1556.85 27.4235 
125.013 5.01254 5.01254 1575.01 35.0125 
105.519 8.90289 9.39514 1566.28 48.9279 
149.725 7.54089 8.9328 1577.38 46.7526 
139.587 7.01904 3.03448 1583.65 32.4728 
145.125 6.96122 8.29423 1577.23 44.4627 
128.79 8.79016 8.79016 1578.79 38.7902 
143.311 2.20232e-018 0.0924683 1567.43 39.3158 
130.832 5.56646 4.89475 1580.59 45.5417 
141.522 7.30804 2.27234 1580 20.9631 
144.013 7.04397 8.15069 1564.42 27.943 
128.79 8.79016 8.79016 1578.79 38.7902 
126.236 5.34721 4.79045 1573.31 36.07 
125.01 5.01028 5.01028 1575.01 35.0103 
128.79 8.79016 8.79016 1578.79 38.7902 
114.903 7.19713 6.69863 1578.34 27.5392 
121.662 7.06752 5.91284 1560.87 32.2516 
117.018 8.92883 3.43462 1586.14 29.2658 
132.513 5.57495 2.62299 1567.03 27.2865 
143.236 7.12506 8.4218 1564 27.8606 
140.736 3.67186 8.66068 1559.95 32.7221 
132.667 6.21211 3.96045 1569 28.0649 
125.011 5.02031 5.019 1575.03 35.021 
128.79 8.79016 8.79016 1578.79 38.7902 
121.278 2.53124 4.05166 1570.51 39.3458 
131.994 0.72707 1.01302 1554.31 37.6219 
128.79 8.79016 8.79016 1578.79 38.7902 
113.856 3.61801 6.72939 1568.43 34.4821 
100.063 5.63568 1.93298 1590.44 37.5497 
102.563 1.78268 1.20978 1554.94 22.0154 
144.103 7.22494 8.58338 1563.48 27.5197 
135.581 7.12112 3.26125 1593.09 40.6498 
147.688 2.0722e-010 2.21159e-014 1575.02 35.0201 
136.604 5.6552 7.49969 1580.77 34.5618 
136.531 9.99298 9.69299 1593.37 45.2054 
125.586 4.69569 5.08318 1572.84 34.1151 
125.024 5.02378 5.02378 1575.02 35.0238 
146.292 6.60431 7.09778 1579.06 22.1533 
129.93 4.23526 4.60921 1581.45 31.3021 
134.614 1.65031 0.786695 1557.85 36.5348 
113.803 6.06682 7.89428 1588.85 38.5911 
108.449 8.03223 4.00513 1597.3 28.5638 
115.935 9.46045 3.22113 1587.65 28.4869 
142.079 0.885961 7.20078 1554.88 25.2976 
125.02 5.0201 5.0201 1575.02 35.0201 
137.082 5.44775 5.51732 1581.09 40.4439 
129.307 5.51162 4.64376 1567.89 35.6926 
130.571 4.59233 6.54036 1566.08 29.193 
139.302 5.81574 8.07141 1581.87 34.3799 
131.296 6.38119 6.11979 1578.38 36.5016 
147.62 0.0125868 0.0089633 1575.05 35.0203 
130.489 6.39008 2.9599 1595.93 28.6124 
104.839 4.27917 1.78345 1576.35 40.6076 
128.33 8.63166 7.63355 1580.73 40.0106 
116.874 6.93637 2.29231 1594.42 28.4664 
133.299 4.06189 1.1203 1592.08 41.9662 
118.287 7.12437 1.95538 1581.35 30.9883 
130.761 5.63549 5.83928 1584.9 22.545 
111.932 8.17132 8.25708 1580.3 31.5667 
144.922 6.1087 9.27795 1584.9 34.23 
136.148 5.62879 7.40089 1580.54 34.5783 
144.922 6.1087 9.27795 1584.9 34.23 
124.72 4.96237 4.78322 1577.1 35.1794 
138.566 5.69387 6.4501 1588.69 33.3152 
133.158 5.96146 6.55003 1570.13 31.8288 
144.788 6.42203 9.18396 1584.39 32.7581 
143.797 7.26654 9.55872 1596.28 36.1801 
125.013 5.01261 5.01261 1575.01 35.0126 
139.58 0.649203 4.47262 1572.29 45.5109 
106.632 0.949324 3.61892 1571.57 33.9383 
147.688 2.0722e-010 2.21159e-014 1575.02 35.0201 
134.82 8.58339 7.46714 1574.17 29.7077 
127.711 7.41076 7.54131 1576.79 37.2152 
110.457 0.899793 3.19139 1573.61 38.8735 
141.539 3.0958 2.99267 1575.78 35.9445 
121.152 4.68908 3.61013 1574.55 30.851 
111.371 2.86102 4.46503 1570.81 28.1793 
143.56 6.10477 8.89051 1583.42 33.5052 
143.081 7.32936 8.59717 1564.5 28.2716 
105.843 7.25555 6.28906 1594.7 25.4904 
125.02 5.0201 5.0201 1575.02 35.0201 
102.563 1.78268 1.20978 1554.94 22.0154 
124.623 5.03031 4.96766 1575.34 34.9653 
142.466 6.18976 1.92462 1579.24 23.1141 
137.836 4.9208 5.13252 1562.47 31.6239 
116.246 8.98987 2.01477 1597.01 23.7518 
113.237 8.31619 2.71003 1578.46 40.8568 
125.016 5.01586 5.01586 1575.02 35.0159 
125.715 5.77629 6.14356 1579.54 36.5775 
128.938 5.96152 4.18858 1576.41 34.5264 
128.942 8.94223 8.94223 1578.94 38.9422 
112.39 0.552368 9.80469 1589.63 26.0617 
115.262 4.75098 1.34949 1575.78 25.6168 
126.972 1.59489 8.79524 1578.89 33.1279 
117.372 4.77051 6.11963 1588.01 32.5702 
145.631 7.8772 8.55133 1559.68 26.0196 
114.454 4.34644 1.56254 1559.02 37.2329 
125.903 5.90341 5.90341 1575.9 35.9034 
143.047 6.16905 8.74419 1584.97 35.5168 
115.262 4.75098 1.34949 1575.78 25.6168 
134.85 5.36591 4.12537 1563.98 39.7003 
128.942 8.94223 8.94223 1578.94 38.9422 
144.319 7.2526 8.64845 1563.43 27.4517 
146.292 6.60431 7.09778 1579.06 22.1533 
115.307 0.40288 7.58915 1598.56 37.2491 
134.836 3.68727 2.53456 1571.57 34.3999 
108.478 0.608215 3.10547 1589.22 26.3739 
128.79 8.79016 8.79016 1578.79 38.7902 
128.79 8.79016 8.79016 1578.79 38.7902 
113.854 8.81736 1.92124 1593.7 25.0291 
144.922 6.1087 9.27796 1584.9 34.23 
125.02 5.0201 5.0201 1575.02 35.0201 
105.821 6.4093 7.33673 1587.36 33.7906 
113.582 5.38727 4.43115 1596.54 32.334 
135.676 5.49754 7.13143 1580.48 38.5304 
139.58 0.649203 4.47262 1572.29 45.5109 
128.856 8.85592 8.85592 1578.86 38.8559 
128.79 8.79016 8.79016 1578.79 38.7902 
142.332 9.41986 0.386047 1582.94 31.8021 
135.469 5.48056 4.40841 1574.05 37.848 
116.414 5.10383 1.98871 1576.05 26.7386 
115.262 4.75098 1.34949 1575.78 25.6168 
127.114 8.30134 4.57731 1583.93 25.2218 
112.485 8.71857 1.86768 1591.8 25.7605 
137.082 5.44775 5.51732 1581.09 40.4439 
147.688 2.0722e-010 2.21159e-014 1575.02 35.0201 
128.79 8.79016 8.79016 1578.79 44.3205 
145.615 0.6755 3.91136 1594.23 35.2192 
144.099 7.22415 8.58317 1563.48 27.5212 
122.613 3.87458 5.64161 1580.81 35.5633 
128.79 8.79016 8.79016 1578.79 38.7902 
135.071 4.96428 4.62686 1560.98 31.6915 
121.001 9.94422 1.8338 1581.08 32.2195 
137.189 4.11129 5.14066 1578.23 34.7643 
125.009 5.00884 5.00884 1575.01 35.0088 
140.877 6.60294 2.02862 1591.04 36.9844 
128.821 8.82113 8.82113 1578.82 38.8211 
102.341 1.77643 9.71466 1574.77 29.418 
138.786 8.76923 5.0708 1580.69 32.2086 
149.725 7.54089 8.9328 1577.38 46.7526 
135.279 4.8094 7.85283 1581.54 34.1566 
139.653 8.01457 4.07676 1555.97 28.4307 
136.21 5.67812 8.37606 1572.69 34.7343 
111.371 2.86102 4.46503 1570.81 28.1793 
111.386 4.55341 0.809205 1583.17 22.9961 
142.834 2.86195 2.90355 1587.89 39.786 
141.522 7.30804 2.27234 1580 20.9631 
132.364 6.99498 3.63365 1564.71 41.3589 
134.639 3.72101 3.88611 1552.5 44.2926 
128.79 8.79016 8.79016 1578.79 38.7902 
122.165 0.664673 4.80499 1560.57 23.8498 
118.488 7.37931 5.15761 1567.25 37.7297 
118.352 0.585938 3.29742 1566.98 42.739 
144.103 7.22494 8.58338 1563.48 27.5197 
137.082 5.44775 5.51732 1581.09 40.4439 
112.116 9.3276 8.60451 1598.02 38.2075 
144.556 8.3364 5.85095 1556.85 27.4235 
125.02 5.0201 5.0201 1575.02 35.0201 
136.531 9.99298 9.69299 1593.37 45.2054 
140.226 1.30962 5.0539 1573.82 44.1463 
133.479 7.9491 1.54527 1586.66 29.9817 
125.013 5.01254 5.01254 1575.01 35.0125 
129.05 5.6081 4.92632 1579.88 36.6587 
128.942 8.94223 8.94223 1578.94 38.9422 
128.821 8.82113 8.82113 1578.82 38.8211 
119.269 1.93146 0.332031 1594.03 27.8854 
126.029 6.0289 6.0289 1576.03 36.0289 
141.522 7.30804 2.27234 1580 20.9631 
135.254 0.923548 2.9321 1566.92 24.5331 
107.027 5.94788 1.15936 1595.12 49.6695 
132.753 4.37286 0.0790405 1586.75 24.9338 
124.779 8.01419 7.79635 1573.74 40.6133 
134.181 5.98963 7.73113 1586 33.1699 
109.997 0.864686 3.92173 1572.04 31.9271 
141.879 7.26471 4.84924 1560.27 42.3114 
126.029 6.0289 6.0289 1576.03 36.0289 
125.92 6.78008 6.47181 1576.87 35.9523 
128.276 5.12386 5.32563 1558.28 44.8367 
127.546 8.51435 8.1671 1578.62 37.5819 
127.203 3.40781 7.36725 1577.86 34.0675 
132.771 9.07881 6.4956 1580.09 36.9005 
135.382 6.15784 1.23352 1597.85 41.9186 
128.942 8.94223 8.94223 1578.94 38.9422 
128.404 5.66598 5.0311 1572.11 33.1133 
128.78 4.90165 6.02542 1576.69 36.3267 
120.955 3.42522 7.67021 1568.3 42.8502 
123.549 9.84344 8.86993 1551.11 22.1982 
125.02 5.19292 4.96582 1599.19 24.5117 
105.075 8.8532 6.8674 1562.96 42.8722 
127.349 0.381292 8.61065 1577.21 39.504 
144.103 7.22494 8.58338 1563.48 27.5197 
136.047 7.39945 2.47235 1574.91 25.3058 
142.568 4.05622 8.43752 1573.98 40.3319 
127.639 5.21401 2.1761 1571.45 34.7 
144.082 7.22544 8.58057 1563.48 27.5412 
121.915 8.28441 3.07159 1583.76 35.6238 
139.018 3.02625 2.92632 1583.63 34.3044 
134.503 2.91467 2.91467 1575.02 35.0157 
127.182 7.58181 6.2992 1569.97 44.5198 
143.93 5.22763 3.09422 1575.52 28.4943 
135.249 5.50865 8.00378 1572.75 34.6358 
128.942 8.94223 8.94223 1578.94 38.9422 
141.522 7.30804 2.27234 1580 20.9631 
122.414 4.66115 3.31929 1587.17 35.1092 
110.953 5.32959 5.32745 1560.03 26.611 
128.79 8.79016 8.79016 1578.79 38.7902 
115.262 4.75098 1.34949 1575.78 25.6168 
133.796 4.32538 3.90007 1576.77 34.4994 
133.474 5.98683 3.15105 1570.84 31.8826 
138.925 6.27623 3.9082 1554.8 37.1074 
125.013 5.01254 5.01254 1575.01 35.0125 
129.192 8.44116 2.65503 1567.76 39.2993 
125.123 5.03943 3.63767 1585.66 34.9116 
105.075 8.8532 6.8674 1562.96 42.8722 
140.07 8.29742 8.14972 1571.17 22.438 
129.887 3.94072 5.22348 1577.49 29.6377 
128.79 8.79016 8.79016 1578.79 38.7902 
128.942 8.94223 8.94223 1578.94 38.9422 
144.319 7.2526 8.64845 1563.43 27.4517 
140.071 6.75901 7.84779 1565.97 29.1142 
135.153 6.1142 6.14928 1577.85 36.5174 
128.79 8.79016 8.79016 1578.79 38.7902 
129.181 0.00946045 8.56506 1590.33 31.6473 
105.519 8.90289 9.39514 1566.28 48.9279 
144.922 6.1087 9.27795 1584.9 34.23 
108.511 4.46777 0.568848 1581.38 21.5509 
149.725 7.54089 8.9328 1577.38 46.7526 
128.942 8.94223 8.94223 1578.94 38.9422 
134.88 6.06374 7.93798 1586.84 33.029 
144.922 6.1087 9.27796 1584.9 34.23 
126.498 3.5376 7.62573 1578.74 34.5248 
126.498 3.5376 7.62573 1578.74 34.5248 
131.087 6.11298 6.89819 1564.93 34.4571 
127.546 8.51435 8.1671 1578.62 37.5819 
147.429 1.08644 4.40373 1556.17 36.0158 
127.24 5.27143 4.82124 1571.32 35.3653 
139.018 3.02625 2.92632 1583.63 34.3044 
139.48 6.69284 7.7387 1566.33 29.3494 
133.878 6.3426 5.27687 1557.24 38.5646 
113.119 3.62263 2.91059 1587.92 40.6039 
125.014 5.01411 5.01411 1575.01 35.0141 
128.79 8.79016 8.79016 1578.79 38.7902 
115.665 2.6792e-008 4.04724 1580.72 41.503 
144.707 6.12454 9.17895 1584.72 34.3462 
124.656 7.64649 7.59724 1581.7 39.3667 
110.523 4.54703 7.10411 1599.65 30.3767 
142.535 4.44979 1.95019 1586.53 33.7168 
142.699 4.39295 5.60048 1567.2 34.7056 
143.42 5.31928 5.71659 1568.34 32.8967 
125.02 5.0201 5.0201 1575.02 35.0201 
128.942 8.94223 8.94223 1578.94 38.9422 
144.013 7.04397 8.15069 1564.42 27.943 
125.026 5.0256 5.0256 1575.03 35.0256 
128.942 8.94223 8.94223 1578.94 38.9422 
149.101 9.65424 5.14435 1554.4 21.5216 
131.992 0.752269 3.33829 1564.82 35.2769 
124.656 7.64649 7.59724 1581.7 39.3667 
130.57 5.04431 4.25377 1575.06 29.9704 
141.359 4.65764 2.19933 1580.5 43.6172 
125.707 4.58956 4.39824 1572.73 37.1585 
116.246 8.98987 2.01477 1597.01 23.7518 
128.942 8.94223 8.94223 1578.94 38.9422 
106.986 4.87039 1.46857 1593.37 25.0867 
145.125 6.96122 8.29423 1577.23 44.4627 
144.197 1.44928 0.0418091 1599.09 33.1204 
134.523 4.42021 1.96575 1588.84 40.3297 
132.448 9.53979 1.53961 1581.7 25.3293 
139.58 0.649203 4.47262 1572.29 45.5109 
124.623 5.03031 4.96766 1575.34 34.9653 
140.136 6.08351 8.57518 1583.9 34.9422 
128.942 8.94223 8.94223 1578.94 38.9422 
140.616 9.13762 4.36107 1562.04 23.0297 
134.464 0.317383 6.83899 1577.06 42.6668 
129.181 0.00946045 8.56506 1590.33 31.6473 
140.478 1.53969 3.87875 1583.61 34.5343 
109.523 9.92249 3.70697 1576.49 41.9305 
132.771 9.07881 6.4956 1580.09 36.9005 
137.81 1.52771 4.04724 1580.72 41.503 
127.546 8.33489 8.50795 1578.54 38.937 
128.79 8.79016 8.79016 1578.79 38.7902 
135.425 0.496216 2.85553 1563.01 32.2287 
138.922 8.64197 8.50525 1564.65 45.9305 
131.087 6.11298 6.89819 1564.93 34.4571 
136.573 4.40656 5.25397 1587.68 24.9802 
125.015 5.01463 5.01463 1575.01 35.0146 
108.705 1.27196 1.80925 1564.5 33.7003 
142.332 9.41986 0.386047 1582.94 31.8021 
110.953 5.32959 5.32745 1560.03 26.611 
112.217 1.44496 3.36478 1574.79 39.016 
114.737 0.146179 7.72156 1599.87 37.3859 
136.244 6.22396 3.00298 1574.73 27.8487 
140.735 3.8626 5.09141 1575.17 30.2638 
127.834 5.17464 5.6229 1576.43 34.9088 
125.013 5.01254 5.01254 1575.01 35.0125 
125.02 5.0201 5.0201 1575.02 35.0201 
138.334 5.88087 5.60025 1581.77 34.096 
136.299 9.63015 9.46527 1592.24 44.3565 
112.157 4.29325 5.75313 1574.81 36.5239 
144.319 7.2526 8.64845 1563.43 27.4517 
139.48 6.69284 7.7387 1566.33 29.3494 
137.808 9.17379 7.17152 1567.96 31.1234 
129.181 0.00946045 8.56506 1590.33 31.6473 
143.434 5.29432 5.45632 1568.41 33.46 
131.831 8.21402 0.43217 1586.92 29.3702 
125.405 5.40532 5.40532 1575.41 35.4053 
136.252 5.35157 4.6771 1588.6 36.1524 
147.688 2.0722e-010 2.21159e-014 1575.02 35.0201 
128.942 8.94223 8.94223 1578.94 38.9422 
129.181 0.00946045 8.56506 1590.33 31.6473 
128.942 8.94223 8.94223 1578.94 38.9422 
136.047 7.39945 2.47235 1574.91 25.3058 
134.673 5.22285 4.90736 1562.15 32.1628 
115.262 4.75098 1.34949 1575.78 25.6168 
116.246 8.98987 2.01477 1597.01 23.7518 
135.586 6.50944 5.9193 1576.28 38.5269 
144.103 7.22494 8.58338 1563.48 27.5197 
112.39 0.552368 9.80469 1589.63 26.0617 
125.75 5.10922 5.16163 1574.59 34.7412 
125.013 5.01254 5.01254 1575.01 35.0125 
125.009 5.00884 5.00884 1575.01 35.0088 
148.094 2.77092 1.47651 1569.1 31.1458 
128.942 8.94223 8.94223 1578.94 38.9422 
106.674 2.90185 2.41811 1558.68 24.6548 
125.02 5.0201 5.0201 1575.02 35.0201 
128.424 5.20629 5.74836 1576.71 34.885 
147.432 0.312151 0.0887692 1574.67 35.4803 
141.879 7.26471 4.84924 1560.27 42.3114 
125.02 5.0201 5.0201 1575.02 35.0201 
124.802 4.94987 5.03455 1574.98 35.3624 
120.29 7.14577 6.68412 1568.09 42.6536 
113.669 1.53058 2.62779 1559.38 38.7491 
149.101 9.65424 5.14435 1554.4 21.5216 
141.522 7.30804 2.27234 1580 20.9631 
128.455 6.78974 9.35572 1587.58 35.4043 
124.919 5.73883 8.56049 1582.17 32.0291 
107.052 5.46105 2.79569 1586.11 36.8389 
143.842 1.37057 8.69238 1588.56 44.5045 
138.809 5.15524 2.45851 1556.03 29.1398 
128.79 8.79016 8.79016 1578.79 38.7902 
125.248 5.24756 5.24756 1575.25 35.2476 
126.335 6.33526 6.33526 1576.34 36.3353 
138.394 3.27035 2.52228 1574.12 42.3654 
103.928 1.98364 7.80212 1590.01 25.2679 
128.942 8.94223 8.94223 1578.94 38.9422 
135.976 4.55797 5.8604 1588.77 25.403 
130.422 4.89214 5.58857 1571.76 35.927 
139.465 7.69902 8.64601 1568.11 30.9333 
115.262 4.75098 1.34949 1575.78 25.6168 
112.859 3.35317 2.65147 1590.81 41.6481 
116.246 8.98987 2.01477 1597.01 23.7518 
147.62 0.0125868 0.0089633 1575.05 35.0203 
122.239 5.26197 3.79192 1571.94 34.6554 
134.67 3.07901 8.62733 1586.2 34.9337 
141.765 3.82668 5.24272 1575.15 30.4517 
143.568 7.28549 8.59603 1564.02 27.9224 
118.914 7.55026 5.36469 1586.3 43.8131 
129.05 5.6081 4.92632 1579.88 36.6587 
130.761 5.63549 5.83928 1584.9 22.545 
113.069 5.86109 5.49308 1575.83 37.6772 
113.119 3.62263 2.91059 1587.92 40.6039 
130.571 4.59233 6.54036 1566.08 29.193 
145.521 5.22635 2.56825 1563.38 29.005 
144.922 6.1087 9.27795 1584.9 34.23 
145.125 6.96122 8.29423 1577.23 44.4627 
121.278 2.53124 4.05166 1570.51 39.3458 
125.009 5.00884 5.00884 1575.01 35.0088 
133.129 0.0285536 0.361027 1550.94 38.0452 
126.896 7.94388 6.67547 1569.76 29.945 
134.88 6.06374 7.93798 1586.84 33.029 
116.882 4.3858 1.85232 1577.1 39.3278 
125.786 5.27544 4.99169 1575.26 34.3773 
131.994 0.72707 1.01302 1554.31 37.6219 
127.378 5.19346 4.83051 1575.42 32.2822 
128.79 8.79016 8.79016 1578.79 38.7902 
143.819 8.66455 8.77441 1567.28 38.1027 
138.786 8.76923 5.0708 1580.69 32.2086 
127.745 6.05061 8.57238 1593.71 39.6783 
128.942 8.94223 8.94223 1578.94 38.9422 
137.513 7.12282 8.68322 1593.48 37.0075 
122.104 5.85907 3.79028 1581.6 36.7276 
129.862 6.62372 6.70475 1571.9 38.6093 
133.747 4.62869 3.68594 1572.9 35.2115 
111.591 6.08406 4.26993 1566.84 38.5866 
135.689 3.25383 4.44732 1572.02 36.2876 
138.046 7.71275 4.0521 1579.67 25.831 
143.874 7.25607 9.3133 1588.03 34.001 
132.997 8.09087 8.91737 1580.38 37.6009 
114.764 4.76959 8.74329 1566.49 44.0857 
128.79 8.79016 8.79016 1578.79 38.7902 
146.292 6.60431 7.09778 1579.06 22.1533 
126.949 6.99948 5.25894 1574.93 33.3131 
126.934 6.8595 8.59994 1580.25 35.4616 
144.103 7.22494 8.58338 1563.48 27.5197 
119.269 1.93146 0.332031 1594.03 27.8854 
130.469 7.65772 7.8145 1577.85 37.1546 
125.458 3.73029 4.22612 1577.04 34.9835 
125.954 5.00791 5.01654 1573.83 34.8335 
105.075 8.8532 6.8674 1562.96 42.8722 
128.942 8.94223 8.94223 1578.94 38.9422 
128.883 4.09293 4.27036 1571.33 32.6454 
144.707 6.12454 9.17895 1584.72 34.3462 
129.951 3.85223 7.34985 1580.45 37.1716 
128.79 8.79016 8.79016 1578.79 38.7902 
125.02 5.0201 5.0201 1575.02 35.0201 
128.79 8.79016 8.79016 1578.79 38.7902 
125.212 5.10939 5.0103 1574.37 35.4145 
108.449 8.03223 4.00513 1597.3 28.5638 
127.394 8.66455 6.88782 1570.63 37.8271 
103.366 8.29193 5.54382 1555.18 35.2866 
142.142 6.99773 8.21666 1564.66 28.2892 
112.157 4.29325 5.75313 1574.81 36.5239 
114.454 4.34644 1.56254 1559.02 37.2329 
139.92 4.7879 4.85931 1597.1 43.2013 
123.549 9.84344 8.86993 1551.11 22.1982 
136.604 5.6552 7.49969 1580.77 34.5618 
128.87 7.36904 4.63407 1576.9 24.6656 
126.072 4.02564 5.49012 1588.36 27.3727 
144.276 9.1744 6.73749 1559.26 33.092 
115.92 6.86268 1.89508 1595.75 27.6675 
147.688 2.0722e-010 2.21159e-014 1575.02 35.0201 
128.79 8.79016 8.79016 1578.79 38.7902 
143.86 4.428 0.896596 1580.34 28.8844 
105.075 8.8532 6.8674 1562.96 42.8722 
128.56 7.03217 9.5752 1588.63 35.2216 
125.013 5.01254 5.01254 1575.01 35.0125 
129.536 7.34269 8.27383 1583.49 35.2332 
106.319 8.93707 2.58698 1571.4 44.9683 
128.79 8.79016 8.79016 1578.79 38.7902 
140.824 8.41224 2.5845 1586.76 30.1851 
140.327 7.4881 4.15924 1578.06 29.0115 
135.826 7.62071 9.0029 1581.45 36.8014 
143.932 3.96057 6.84906 1560.93 24.4138 
146.662 8.00238 7.07644 1568.4 35.5933 
147.206 8.70235 6.5332 1557.98 23.872 
136.144 4.70732 4.24177 1563.58 28.8884 
134.464 0.317383 6.83899 1577.06 42.6668 
125.013 5.01254 5.01254 1575.01 35.0125 
130.489 6.39008 2.9599 1595.93 28.6124 
141.501 7.24132 2.30541 1577.75 23.2072 
120.629 4.54992 4.24137 1573.49 36.2382 
125.02 5.0201 5.0201 1575.02 35.0201 
136.573 4.40656 5.25397 1587.68 24.9802 
141.522 7.30804 2.27234 1580 20.9631 
147.187 0.232037 0.166342 1574.15 35.1474 
144.103 7.22494 8.58338 1563.48 27.5197 
137.082 5.44775 5.51732 1581.09 40.4439 
135.655 8.14105 8.7556 1572.05 33.826 
125.009 5.00884 5.00884 1575.01 35.0088 
133.208 1.50757 6.36322 1578.48 32.6608 
132.233 5.28055 3.6326 1592.48 32.4037 
101.846 5.52511 1.96158 1589.68 37.7829 
138.394 3.27035 2.52228 1574.12 42.3654 
140.07 8.29742 8.14972 1571.17 22.438 
133.208 1.50757 6.36322 1578.48 32.6608 
116.246 8.98987 2.01477 1597.01 23.7518 
125.685 5.01599 4.89084 1574.82 35.2779 
149.101 9.65424 5.14435 1554.4 21.5216 
128.376 8.48586 8.0727 1576.31 38.4502 
131.845 7.96531 3.48949 1555.31 41.6656 
121.738 7.25006 8.32672 1574.59 29.4757 
135.56 1.10224 7.03719 1575.52 40.9457 
105.821 6.4093 7.33673 1587.36 33.7906 
136.047 7.39945 2.47235 1574.91 25.3058 
144.922 6.1087 9.27795 1584.9 34.23 
128.79 8.79016 8.79016 1578.79 38.7902 
105.075 8.8532 6.8674 1562.96 42.8722 
140.824 8.41224 2.5845 1586.76 30.1851 
133.479 7.9491 1.54527 1586.66 29.9817 
114.737 0.146179 7.72156 1599.87 37.3859 
140.171 4.47488 9.05224 1559.27 34.4677 
143.797 7.26654 9.55872 1596.28 36.1801 
128.492 7.71412 8.02251 1586.16 39.7651 
129.893 7.17445 9.32265 1577.79 39.8361 
137.592 7.76554 4.28422 1579.62 26.4659 
144.922 6.1087 9.27795 1584.9 34.23 
134.942 6.57128 7.86713 1580.4 35.4734 
125.014 5.01411 5.01411 1575.01 35.0141 
143.666 6.32425 8.83033 1579.51 32.3325 
115.262 4.75098 1.34949 1575.78 25.6168 
128.474 2.64923 1.1145 1563.36 42.0029 
133.208 1.50757 6.36322 1578.48 32.6608 
141.333 6.72385 2.56189 1560.32 40.61 
128.79 8.79016 8.79016 1578.79 38.7902 
128.79 8.79016 8.79016 1578.79 38.7902 
128.706 8.73786 8.78267 1578.91 38.7806 
146.201 8.63215 5.12449 1554.66 24.4575 
111.139 8.80194 6.87295 1565.04 41.5014 
128.942 8.94223 8.94223 1578.94 38.9422 
128.79 8.79016 8.79016 1578.79 38.7902 
109.134 7.56255 3.41857 1573.64 23.5089 
142.538 7.10153 5.50509 1571.62 23.4563 
128.79 8.79016 8.79016 1578.79 38.7902 
140.657 2.84454 0.55481 1583.27 23.967 
141.629 4.54846 1.89578 1580.39 44.467 
100.063 5.63568 1.93298 1590.44 37.5497 
144.922 6.1087 9.27795 1584.9 34.23 
122.049 7.07069 5.95965 1560.91 32.1695 
114.09 1.73528 2.80218 1559.92 38.7545 
129.744 6.59729 4.95629 1585.54 44.648 
130.761 5.63549 5.83928 1584.9 22.545 
119.355 6.24363 6.0658 1587.1 34.6852 
137.81 1.52771 4.04724 1580.72 41.503 
147.688 2.0722e-010 2.21159e-014 1575.02 35.0201 
128.733 8.73334 8.73334 1578.73 38.7333 
100.063 5.63568 1.93298 1590.44 37.5497 
141.897 6.88186 9.13985 1583.4 33.8865 
140.462 4.46442 9.12964 1558.96 34.4571 
135.827 7.23908 3.31622 1574.51 24.2 
126.488 6.03277 7.51604 1583.6 33.6986 
118.571 9.26158 4.19691 1582.4 23.2573 
135.097 3.40036 3.40807 1581.48 34.3685 
135.827 7.23908 3.31622 1574.51 24.2 
145.81 4.03446 4.09576 1568.01 37.2635 
125.009 5.00884 5.00884 1575.01 35.0088 
107.794 6.44318 4.54315 1580.21 40.9198 
125.026 5.0256 5.0256 1575.03 35.0256 
112.485 8.71857 1.86768 1591.8 25.7605 
128.79 8.79016 8.79016 1578.79 38.7902 
146.491 3.21402 2.17623 1571.32 30.086 
142.024 4.58557 2.40662 1552.95 31.6574 
129.951 3.85223 7.34985 1580.45 37.1716 
124.72 4.96237 4.78322 1577.1 35.1794 
125.02 5.0201 5.0201 1575.02 35.0201 
146.292 6.60431 7.09778 1579.06 22.1533 
144.103 7.22494 8.58338 1563.48 27.5197 
109.523 9.92249 3.70697 1576.49 41.9305 
143.848 4.28009 0.490112 1581.23 28.9566 
125.013 5.01254 5.01254 1575.01 35.0125 
106.415 4.28801 7.74399 1580.98 46.0051 
125.785 5.01299 5.06502 1573.43 34.1005 
130.75 3.95345 5.75247 1569.18 28.2385 
128.942 8.94223 8.94223 1578.94 38.9422 
135.376 5.74844 7.03436 1567.95 32.2853 
125.02 5.0201 5.0201 1575.02 35.0201 
115.869 2.74445 0.626831 1562.81 46.7371 
139.92 4.7879 4.85931 1597.1 43.2013 
114.63 8.307 4.13969 1576.01 39.6533 
125.02 5.0201 5.0201 1575.02 35.0201 
136.531 9.99298 9.69299 1593.37 45.2054 
125.012 5.01182 5.01182 1575.01 35.0118 
138.353 5.36425 5.42554 1594.52 42.5857 
139.287 9.17132 5.93687 1565.11 27.468 
116.631 4.70011 2.63142 1551.38 26.6206 
113.004 2.2226 2.49023 1576.78 42.6181 
113.798 9.42527 7.52897 1569 29.8494 
132.513 5.57495 2.62299 1567.03 27.2865 
105.843 7.25555 6.28906 1594.7 25.4904 
128.883 4.09293 4.27036 1571.33 32.6454 
144.574 2.03779 1.27222 1572.39 34.0803 
133.299 4.06189 1.1203 1592.08 41.9662 
127.642 5.23204 2.17889 1571.42 34.7687 
139.587 7.01904 3.03448 1583.65 32.4728 
137.082 5.44775 5.51732 1581.09 40.4439 
144.922 6.1087 9.27795 1584.9 34.23 
130.117 8.84663 8.55194 1577.2 37.6618 
128.348 8.65824 8.54715 1578.69 38.3599 
112.479 2.44829 3.90282 1580.48 35.5154 
143.666 6.32425 8.83033 1579.51 32.3325 
130.296 7.58514 4.01062 1567.49 45.2786 
125.018 5.01844 5.01844 1575.02 35.0184 
127.961 7.96097 7.96097 1577.96 37.961 
133.25 9.44868 5.89894 1562.84 30.6624 
127.287 8.01857 8.69229 1584.6 34.0254 
126.295 3.27209 7.40692 1579.92 37.3859 
128.79 8.79016 8.79016 1578.79 38.7902 
131.807 1.00545 5.3974 1574.65 40.674 
133.652 5.44667 6.66232 1579.21 34.9776 
118.282 5.01103 2.10823 1574.5 25.8075 
128.79 8.79016 8.79016 1578.79 38.7902 
139.48 6.69284 7.7387 1566.33 29.3494 
138.334 5.88087 5.60025 1581.77 34.096 
145.001 3.79425 7.27539 1560.32 21.5884 
141.519 6.61095 7.22259 1572.01 30.5597 
128.856 8.85592 8.85592 1578.86 38.8559 
125.851 5.13543 4.96543 1575.62 34.4059 
111.17 1.99092 2.04687 1581.02 35.5755 
125.016 5.01636 5.01636 1575.02 35.0164 
128.117 8.72958 7.87268 1574.85 38.3257 
144.103 7.22494 8.58338 1563.48 27.5197 
123.549 9.84344 8.86993 1551.11 22.1982 
130.489 6.39008 2.9599 1595.93 28.6124 
149.19 5.55762 6.58345 1576.76 43.6669 
129.042 6.9532 7.91162 1593.73 42.7287 
144.099 7.22415 8.58317 1563.48 27.5212 
137.885 8.31787 8.4549 1563.68 36.5005 
128.79 8.79016 8.79016 1578.79 38.7902 
145.615 0.6755 3.91136 1594.23 35.2192 
144.103 7.22494 8.58338 1563.48 27.5197 
127.136 3.71663 3.8022 1569.38 40.0551 
125.009 5.00884 5.00884 1575.01 35.0088 
147.688 2.0722e-010 2.21159e-014 1575.02 35.0201 
130.582 8.61254 8.32565 1577.14 37.5919 
128.79 8.79016 8.79016 1578.79 38.7902 
143.932 3.96057 6.84906 1560.93 24.4138 
108.511 4.46777 0.568848 1581.38 21.5509 
124.847 5.03514 4.94368 1574.83 34.9974 
133.849 7.63894 5.92286 1572.31 25.0009 
131.807 1.00545 5.3974 1574.65 40.674 
128.942 8.94223 8.94223 1578.94 38.9422 
125.013 5.01254 5.01254 1575.01 35.0125 
149.101 9.65424 5.14435 1554.4 21.5216 
115.935 9.46045 3.22113 1587.65 28.4869 
127.263 7.26302 7.26302 1577.26 37.263 
144.052 0.302124 1.18195 1556.6 23.1247 
139.018 3.02625 2.92632 1583.63 34.3044 
146.479 0.267499 0.267499 1575.02 35.0198 
144.082 7.22544 8.58057 1563.48 27.5412 
124.29 4.18473 7.04571 1578.75 31.7306 
108.705 1.27196 1.80925 1564.5 33.7003 
113.069 5.86109 5.49308 1575.83 37.6772 
140.736 3.67186 8.66068 1559.95 32.7221 
143.741 8.87665 8.44757 1580.46 21.2268 
107.794 6.44318 4.54315 1580.21 40.9198 
124.663 3.23486 2.98279 1578.14 48.3804 
106.638 2.46039 2.25322 1565.07 22.9448 
133.299 4.06189 1.1203 1592.08 41.9662 
112.598 5.84106 3.06641 1598.3 21.6544 
112.555 3.31174 1.01474 1560.46 48.247 
122.091 8.82321 8.17216 1567.47 35.9106 
129.613 6.53833 4.6566 1578.09 32.702 
100.172 3.98651 1.40106 1559.05 38.6905 
133.707 5.22919 3.69263 1582.77 44.3283 
140.07 8.29742 8.14972 1571.17 22.438 
133.659 5.4936 6.86907 1579.31 34.6783 
125.02 5.0201 5.0201 1575.02 35.0201 
106.674 2.90185 2.41811 1558.68 24.6548 
135.827 7.23908 3.31622 1574.51 24.2 
135.153 6.1142 6.14928 1577.85 36.5174 
128.883 4.09293 4.27036 1571.33 32.6454 
137.253 6.71363 2.97981 1578.71 24.5944 
143.851 1.38478 8.6863 1588.5 41.7046 
128.942 8.94223 8.94223 1578.94 38.9422 
142.332 9.41986 0.386047 1582.94 31.8021 
141.522 7.30804 2.27234 1580 20.9631 
129.05 5.6081 4.92632 1579.88 36.6587 
129.05 5.6081 4.92632 1579.88 36.6587 
130.437 6.49811 2.78595 1590.57 32.8906 
100.063 5.63568 1.93298 1590.44 37.5497 
111.591 6.08406 4.26993 1566.84 38.5866 
133.247 6.55924 4.09935 1589.35 28.391 
144.922 6.1087 9.27795 1584.9 34.23 
116.246 8.98987 2.01477 1597.01 23.7518 
124.843 5.41565 9.24652 1572.01 42.5146 
135.382 6.15784 1.23352 1597.85 41.9186 
130.489 6.39008 2.9599 1595.93 28.6124 
122.086 0.801086 7.82074 1558.59 49.231 
138.809 5.15524 2.45851 1556.03 29.1398 
127.182 7.58181 6.2992 1569.97 44.5198 
129.152 5.05944 4.88818 1577.48 35.4011 
120.383 8.90414 1.47561 1589.46 27.3592 
111.7 3.19458 0.740051 1559.47 49.1541 
125.921 5.92122 5.92122 1575.92 35.9212 
128.305 8.71366 8.82125 1578.13 39.3481 
111.952 2.55127 4.06799 1589.75 28.1738 
144.103 7.22494 8.58338 1563.48 27.5197 
125.012 5.01182 5.01182 1575.01 35.0118 
139.779 6.96466 8.26401 1568.46 32.4475 
131.831 8.21402 0.43217 1586.92 29.3702 
126.488 6.03277 7.51604 1583.6 33.6986 
131.796 7.94403 3.42438 1554.91 41.6284 
125.212 5.10939 5.0103 1574.37 35.4145 
125.157 5.15706 5.15706 1575.16 35.1571 
126.972 1.59489 8.79524 1578.89 33.1279 
122.049 7.07069 5.95965 1560.91 32.1695 
127.387 4.67225 4.65529 1576.47 34.8892 
113.991 5.97021 5.15073 1590.89 30.5308 
115.665 2.6792e-008 4.04724 1580.72 41.503 
133.705 3.84721 3.99627 1554.69 43.3918 
141.761 9.34196 6.46197 1563.21 27.7626 
131.574 6.69118 4.25758 1569.56 41.7573 
111.383 3.90403 3.83669 1567.76 39.0998 
139.322 6.14248 5.78187 1571.17 35.2909 
139.55 7.81613 5.09506 1562.58 26.8757 
124.919 5.73883 8.56049 1582.17 32.0291 
145.521 5.22635 2.56825 1563.38 29.005 
130.296 7.58514 4.01062 1567.49 45.2786 
111.386 4.55341 0.809205 1583.17 22.9961 
126.488 6.03277 7.51604 1583.6 33.6986 
128.79 8.79016 8.79016 1578.79 38.7902 
127.834 5.17464 5.6229 1576.43 34.9088 
110.504 5.2534 4.3995 1597.05 39.9166 
133.129 0.0285536 0.361027 1550.94 38.0452 
136.457 5.5672 8.35682 1572.48 34.5913 
144.103 7.22494 8.58338 1563.48 27.5197 
143.851 1.42799 4.52881 1565.21 40.4291 
115.307 0.40288 7.58915 1598.56 37.2491 
123.208 5.17774 4.21959 1573.01 34.7824 
135.254 0.923548 2.9321 1566.92 24.5331 
123.484 1.84271 2.97103 1577.38 43.546 
128.564 5.41288 6.55699 1574.46 32.3006 
115.335 4.75896 1.36488 1575.8 25.6291 
125.405 5.40532 5.40532 1575.41 35.4053 
128.79 8.79016 8.79016 1578.79 38.7902 
119.355 6.24363 6.0658 1587.1 34.6852 
135.382 6.15784 1.23352 1597.85 41.9186 
141.997 3.75366 7.88208 1594.61 45.5917 
129.93 4.23526 4.60921 1581.45 31.3021 
133.796 4.32538 3.90007 1576.77 34.4994 
124.919 5.73883 8.56049 1582.17 32.0291 
125.02 5.0201 5.0201 1575.02 35.0201 
115.262 4.75098 1.34949 1575.78 25.6168 
125.665 6.76248 6.43463 1576.91 36.0136 
115.262 4.75098 1.34949 1575.78 25.6168 
129.243 5.08539 2.30223 1594.27 31.9734 
131.183 8.30887 8.58323 1579.61 38.7238 
140.95 7.37465 2.56525 1579.94 21.7643 
130.979 7.53046 6.86165 1568.65 40.6964 
131.909 4.41818 4.51545 1566.94 34.19 
112.888 4.55953 6.63613 1572.51 35.4052 
128.79 8.79016 8.79016 1578.79 38.7902 
132.583 4.33485 5.12617 1577.59 37.908 
128.896 8.8957 8.8957 1578.9 38.8957 
144.922 6.1087 9.27795 1584.9 34.23 
144.071 7.22617 8.57476 1563.56 27.5168 
129.181 0.00946045 8.56506 1590.33 31.6473 
135.425 0.496216 2.85553 1563.01 32.2287 
139.58 0.649203 4.47262 1572.29 45.5109 
125.02 5.0201 5.0201 1575.02 35.0201 
143.654 4.90485 1.39484 1569.53 42.2511 
128.627 4.34999 3.73333 1587.55 31.9796 
121.738 7.25006 8.32672 1574.59 29.4757 
139.001 6.75446 4.71558 1587.84 20.5521 
121.431 5.27978 5.45315 1577.33 34.7903 
141.629 4.54846 1.89578 1580.39 44.467 
100.063 5.63568 1.93298 1590.44 37.5497 
138.922 8.64197 8.50525 1564.65 45.9305 
128.79 8.79016 8.79016 1578.79 38.7902 
115.335 4.75896 1.36488 1575.8 25.6291 
129.609 3.68326 5.53331 1594.83 30.5967 
129.288 7.53077 5.86877 1578.98 31.3236 
121.738 7.25006 8.32672 1574.59 29.4757 
129.928 9.07359 2.72804 1590.3 37.1844 
129.716 8.68985 8.66671 1579.18 38.5427 
115.92 6.86268 1.89508 1595.75 27.6675 
131.981 8.40337 9.00608 1580.07 38.0461 
138.566 5.69387 6.4501 1588.69 33.3152 
140.616 9.13762 4.36107 1562.04 23.0297 
134.332 5.6921 6.19596 1578.93 36.8064 
138.135 7.38064 6.60679 1565.21 35.196 
140.462 4.46442 9.12964 1558.96 34.4571 
124.431 2.05249 4.20921 1583.65 47.2673 
127.387 4.67225 4.65529 1576.47 34.8892 
125.554 5.08783 4.92266 1575.18 34.5517 
110.953 5.32959 5.32745 1560.03 26.611 
144.707 6.12454 9.17895 1584.72 34.3462 
126.809 6.84912 6.85094 1576.87 36.844 
125.299 4.94389 4.99887 1575.14 35.1616 
129.927 8.43041 8.02642 1577.84 39.8238 
125.171 7.57815 6.17955 1573.77 42.9648 
128.942 8.94223 8.94223 1578.94 38.9422 
117.826 4.36968 4.1092 1578.82 31.8722 
140.937 7.12896 2.72003 1581.18 22.6505 
125.219 5.09538 5.02445 1575.57 34.7617 
142.017 6.98286 8.1929 1564.74 28.3378 
142.332 9.41986 0.386047 1582.94 31.8021 
141.519 6.61095 7.22259 1572.01 30.5597 
121.001 9.25293 2.49878 1586.35 35.8057 
101.846 5.52511 1.96158 1589.68 37.7829 
127.745 6.05061 8.57238 1593.71 39.6783 
139.862 4.84415 1.7983 1580.04 27.2361 
128.79 8.79016 8.79016 1578.79 38.7902 
143.932 3.96057 6.84906 1560.93 24.4138 
134.93 8.07007 3.25134 1586.05 42.2958 
125.026 5.0256 5.0256 1575.03 35.0256 
125.02 5.0201 5.0201 1575.02 35.0201 
144.103 7.22494 8.58338 1563.48 27.5197 
134.181 5.98963 7.73113 1586 33.1699 
132.111 4.42566 9.47784 1599.01 48.1213 
125.02 5.0201 5.0201 1575.02 35.0201 
144.073 7.22609 8.57532 1563.55 27.517 
144.276 9.1744 6.73749 1559.26 33.092 
129.307 5.51162 4.64376 1567.89 35.6926 
126.788 5.42708 4.72877 1576.83 36.2642 
119.435 5.50171 9.80194 1581.4 29.83 
106.986 4.87039 1.46857 1593.37 25.0867 
145.774 6.33714 7.19934 1577.08 23.9841 
142.017 6.98286 8.1929 1564.74 28.3378 
128.627 4.34999 3.73333 1587.55 31.9796 
115.84 3.48095 2.89105 1578.83 27.664 
115.262 4.75098 1.34949 1575.78 25.6168 
115.869 2.74445 0.626831 1562.81 46.7371 
128.79 8.79016 8.79016 1578.79 38.7902 
125.02 5.0201 5.0201 1575.02 35.0201 
138.809 5.15524 2.45851 1556.03 29.1398 
129.528 7.57242 7.65019 1581.11 32.5773 
147.157 3.83331 6.93359 1587.2 35.9677 
134.93 8.07007 3.25134 1586.05 42.2958 
132.364 6.99498 3.63365 1564.71 41.3589 
144.462 6.00171 8.87442 1585.82 34.9329 
115.262 4.75098 1.34949 1575.78 25.6168 
129.951 3.85223 7.34985 1580.45 37.1716 
143.932 3.96057 6.84906 1560.93 24.4138 
128.79 8.79016 8.79016 1578.79 38.7902 
146.89 8.44936 7.69747 1569.21 40.171 
118.287 7.12437 1.95538 1581.35 30.9883 
133.705 3.84721 3.99627 1554.69 43.3918 
125.015 5.01463 5.01463 1575.01 35.0146 
134.67 3.07901 8.62733 1586.2 34.9337 
138.786 8.76923 5.0708 1580.69 32.2086 
102.605 2.51282 8.62 1567.49 37.7631 
110.586 7.32518 3.56378 1573.8 24.5828 
146.033 7.45148 8.97125 1562.4 26.7804 
138.925 6.27623 3.9082 1554.8 37.1074 
115.262 4.75098 1.34949 1575.78 25.6168 
126.154 2.10205 9.26331 1558.18 39.1959 
132.771 9.07881 6.4956 1580.09 36.9005 
128.843 5.45834 5.73515 1572.72 33.5147 
124.847 5.03514 4.94368 1574.83 34.9974 
129.288 7.53077 5.86877 1578.98 31.3236 
142.931 4.48517 9.82941 1583 41.2622 
128.56 7.03217 9.5752 1588.63 35.2216 
129.951 3.85223 7.34985 1580.45 37.1716 
128.79 8.79016 8.79016 1578.79 38.7902 
137.804 9.40381 9.63004 1592.08 43.5406 
125.02 5.19292 4.96582 1599.19 24.5117 
128.79 8.79016 8.79016 1578.79 38.7902 
129.219 0.595398 9.94293 1598.21 39.9997 
100.063 5.63568 1.93298 1590.44 37.5497 
139.558 4.79336 4.86304 1596.57 43.0023 
128.942 8.94223 8.94223 1578.94 38.9422 
128.79 8.79016 8.79016 1578.79 38.7902 
124.919 5.73883 8.56049 1582.17 32.0291 
128.79 8.79016 8.79016 1578.79 38.7902 
125.785 5.01299 5.06502 1573.43 34.1005 
145.882 5.35284 7.31225 1584.68 38.3159 
135.581 7.12112 3.26125 1593.09 40.6498 
131.296 6.38119 6.11979 1578.38 36.5016 
128.79 8.79016 8.79016 1578.79 38.7902 
142.538 7.10153 5.50509 1571.62 23.4563 
137.408 5.65191 6.93056 1582.89 29.0097 
130.107 6.98384 6.23552 1587.4 41.2357 
104.074 3.30963 3.20618 1563.87 41.2915 
126.788 5.42708 4.72877 1576.83 36.2642 
147.688 2.0722e-010 2.21159e-014 1575.02 35.0201 
113.203 3.64777 4.64752 1556.88 24.8917 
124.853 4.85321 4.85321 1574.85 34.8532 
128.942 8.94223 8.94223 1578.94 38.9422 
124.682 6.07173 3.57853 1587.3 39.4128 
129.728 7.30902 4.11929 1568.3 44.1743 
108.503 3.36975 2.9266 1560.34 25.8146 
128.942 8.94223 8.94223 1578.94 38.9422 
143.932 3.96057 6.84906 1560.93 24.4138 
138.29 6.00281 0.774536 1560.87 21.3229 
106.632 0.949324 3.61892 1571.57 33.9383 
129.093 4.51423 4.44315 1563.66 40.1887 
130.805 6.68642 4.44108 1590.27 37.6439 
121.023 7.37766 7.19742 1569.25 39.6009 
135.225 4.86869 6.14775 1557.94 31.1767 
125.785 5.01299 5.06502 1573.43 34.1005 
120.409 5.42639 2.03699 1572.45 30.3549 
138.334 5.88087 5.60025 1581.77 34.096 
123.99 7.88568 7.20055 1558.67 31.1749 
134.24 4.10897 1.58414 1553.72 23.4176 
130.832 5.56646 4.89475 1580.59 45.5417 
135.581 7.12112 3.26125 1593.09 40.6498 
128.79 8.79016 8.79016 1578.79 38.7902 
129.95 3.79938 6.3312 1568.87 35.2643 
125.018 5.01844 5.01844 1575.02 35.0184 
131.358 8.1537 9.1097 1581.63 37.5318 
130.761 5.63549 5.83928 1584.9 22.545 
128.79 8.79016 8.79016 1578.79 38.7902 
139.831 8.37924 4.16964 1561.56 38.3696 
128.171 5.4428 4.8011 1583.52 44.7837 
112.555 3.31174 1.01474 1560.46 48.247 
115.262 4.75098 1.34949 1575.78 25.6168 
107.794 6.44318 4.54315 1580.21 40.9198 
128.79 8.79016 8.79016 1578.79 38.7902 
128.79 8.79016 8.79016 1578.79 38.7902 
141.667 8.36396 4.30425 1555.63 26.9584 
125.015 5.01473 5.01473 1575.01 35.0147 
133.479 7.9491 1.54527 1586.66 29.9817 
138.29 6.00281 0.774536 1560.87 21.3229 
142.332 9.41986 0.386047 1582.94 31.8021 
128.424 5.20629 5.74836 1576.71 34.885 
140.735 3.8626 5.09141 1575.17 30.2638 
128.276 5.12386 5.32563 1558.28 44.8367 
117.448 5.59027 6.25754 1570.5 31.5029 
128.942 8.94223 8.94223 1578.94 38.9422 
125.009 5.00884 5.00884 1575.01 35.0088 
110.953 5.32959 5.32745 1560.03 26.611 
128.56 7.03217 9.5752 1588.63 35.2216 
124.919 5.73883 8.56049 1582.17 32.0291 
125.06 1.52649 3.23029 1586.9 29.4162 
147.688 2.0722e-010 2.21159e-014 1575.02 35.0201 
125.02 5.0201 5.0201 1575.02 35.0201 
133.479 7.9491 1.54527 1586.66 29.9817 
138.922 8.64197 8.50525 1564.65 45.9305 
144.103 7.22494 8.58338 1563.48 27.5197 
128.024 7.92167 7.83586 1578.41 37.7271 
129.544 6.25298 7.52316 1579.89 35.3936 
129.243 5.08539 2.30223 1594.27 31.9734 
112.158 5.78732 3.89404 1586.61 33.7904 
146.292 6.60431 7.09778 1579.06 22.1533 
125.02 5.0201 5.0201 1575.02 35.0201 
144.103 7.22494 8.58338 1563.48 27.5197 
143.089 6.36405 8.80179 1562 29.6842 
105.519 8.90289 9.39514 1566.28 48.9279 
113.798 9.42527 7.52897 1569 29.8494 
125.02 5.0201 5.0201 1575.02 35.0201 
129.744 6.59729 4.95629 1585.54 44.648 
111.292 7.89306 3.23223 1572.36 42.3198 
105.519 8.90289 9.39514 1566.28 48.9279 
135.581 7.12112 3.26125 1593.09 40.6498 
124.779 8.01419 7.79635 1573.74 40.6133 
136.144 4.70732 4.24177 1563.58 28.8884 
125.013 5.01254 5.01254 1575.01 35.0125 
125.013 5.01254 5.01254 1575.01 35.0125 
128.797 4.78837 5.44642 1572.24 32.4811 
125.009 5.00884 5.00884 1575.01 35.0088 
129.042 6.9532 7.91162 1593.73 42.7287 
128.79 8.79016 8.79016 1578.79 38.7902 
144.099 7.22415 8.58317 1563.48 27.5212 
128.914 8.91387 8.91387 1578.91 38.9139 
112.274 4.16377 0.788428 1584.9 28.6973 
145.774 6.33714 7.19934 1577.08 23.9841 
100.063 5.63568 1.93298 1590.44 37.5497 
144.922 6.1087 9.27795 1584.9 34.23 
141.336 6.13304 7.999 1582.11 37.7797 
115.262 4.75098 1.34949 1575.78 25.6168 
147.187 0.232037 0.166342 1574.15 35.1474 
134.112 7.93246 8.91591 1579.55 37.9918 
140.824 8.41224 2.5845 1586.76 30.1851 
137.775 5.74612 6.34181 1579.32 34.4528 
144.103 7.22494 8.58338 1563.48 27.5197 
144.788 6.42203 9.18396 1584.39 32.7581 
143.568 7.88836 6.10573 1569.36 28.8141 
125.144 8.82891 4.65591 1577.91 22.4143 
128.856 8.85592 8.85592 1578.86 38.8559 
147.688 2.0722e-010 2.21159e-014 1575.02 35.0201 
118.282 5.01103 2.10823 1574.5 25.8075 
141.269 5.90892 8.49654 1583.25 35.4285 
144.727 7.95267 5.38481 1565.88 22.8112 
128.79 8.79016 8.79016 1578.79 38.7902 
122.438 3.10001 2.95037 1578.16 30.7537 
127.24 5.27143 4.82124 1571.32 35.3653 
130.479 5.6516 6.04643 1571.74 32.8793 
125.02 5.0201 5.0201 1575.02 35.0201 
115.262 4.75098 1.34949 1575.78 25.6168 
124.474 5.02478 2.20852 1568.63 34.1219 
140.877 6.60294 2.02862 1591.04 36.9844 
138.947 2.12585 4.75494 1562.43 49.5166 
124.29 4.18473 7.04571 1578.75 31.7306 
125.171 7.57815 6.17955 1573.77 42.9648 
141.333 6.72385 2.56189 1560.32 40.61 
143.353 2.54621 1.00897 1568.82 33.5346 
128.942 8.94223 8.94223 1578.94 38.9422 
133.25 9.44868 5.89894 1562.84 30.6624 
127.387 4.67225 4.65529 1576.47 34.8892 
125.02 5.0201 5.0201 1575.02 35.0201 
139.58 0.649203 4.47262 1572.29 45.5109 
114.737 0.146179 7.72156 1599.87 37.3859 
102.605 2.51282 8.62 1567.49 37.7631 
128.942 8.94223 8.94223 1578.94 38.9422 
126.848 6.84813 6.84813 1576.85 36.8481 
129.307 5.51162 4.64376 1567.89 35.6926 
129.613 5.62771 5.07433 1577.3 34.3426 
110.953 5.32959 5.32745 1560.03 26.611 
135.008 3.00163 5.75797 1586.37 41.3899 
133.705 3.84721 3.99627 1554.69 43.3918 
147.62 0.0125868 0.0089633 1575.05 35.0203 
128.942 8.94223 8.94223 1578.94 38.9422 
126.381 5.79736 7.53702 1584.36 33.4105 
128.942 8.94223 8.94223 1578.94 38.9422 
107.064 5.50562 6.64501 1582.77 45.0133 
128.79 8.79016 8.79016 1578.79 38.7902 
134.82 8.58339 7.46714 1574.17 29.7077 
125.844 2.12567 5.78783 1573.98 39.0134 
121.549 6.47765 5.42516 1570.59 43.321 
111.682 3.81659 3.51594 1576.59 40.9109 
105.843 7.25555 6.28906 1594.7 25.4904 
124.72 4.96237 4.78322 1577.1 35.1794 
138.727 4.68597 7.68066 1591.1 20.3506 
132.573 4.27557 1.7988 1595.34 32.2288 
145.615 0.6755 3.91136 1594.23 35.2192 
111.17 1.99092 2.04687 1581.02 35.5755 
126.154 2.10205 9.26331 1558.18 39.1959 
128.79 8.79016 8.79016 1578.79 38.7902 
125.019 5.01943 5.01943 1575.02 35.0194 
143.033 7.42526 5.54822 1556.02 27.8023 
128.942 8.94223 8.94223 1578.94 38.9422 
125.009 5.00884 5.00884 1575.01 35.0088 
125.02 5.0201 5.0201 1575.02 35.0201 
131.831 8.21402 0.43217 1586.92 29.3702 
147.665 0.0089991 0.00579852 1575.02 35.008 
127.642 5.23204 2.17889 1571.42 34.7687 
121.352 2.33917 8.17291 1554.89 36.1224 
140.616 9.13762 4.36107 1562.04 23.0297 
138.362 3.26141 2.547 1574.25 42.5558 
124.682 6.07173 3.57853 1587.3 39.4128 
116.097 4.25651 1.76762 1573.94 25.4029 
138.707 1.64337 8.6676 1557.98 35.7077 
137.869 4.64941 4.86443 1597.1 43.5861 
143.499 9.05105 2.57743 1574.12 31.1651 
125.013 5.01254 5.01254 1575.01 35.0125 
121.093 6.89974 8.19513 1558.48 44.8085 
130.911 3.70673 3.70673 1575.01 35.0128 
128.79 8.79016 8.79016 1578.79 38.7902 
104.927 3.91884 3.21247 1596.36 44.8377 
144.103 7.22494 8.58338 1563.48 27.5197 
135.425 0.496216 2.85553 1563.01 32.2287 
141.537 7.00592 0.168762 1590.09 26.3675 
112.598 6.87801 8.1601 1551.86 44.9307 
104.146 3.3123 3.19832 1563.92 41.2504 
125.026 5.0256 5.0256 1575.03 35.0256 
146.033 7.45148 8.97125 1562.4 26.7804 
142.299 7.05682 7.97057 1566.54 29.9217 
144.103 7.22494 8.58338 1563.48 27.5197 
144.319 7.2526 8.64845 1563.43 27.4517 
125.014 5.01411 5.01411 1575.01 35.0141 
139.001 6.75446 4.71558 1587.84 20.5521 
138.925 6.27623 3.9082 1554.8 37.1074 
130.135 8.52497 3.31118 1579.17 46.945 
116.874 6.93637 2.29231 1594.42 28.4664 
120.383 8.90414 1.47561 1589.46 27.3592 
132.233 5.28055 3.6326 1592.48 32.4037 
128.942 8.94223 8.94223 1578.94 38.9422 
108.511 4.46777 0.568848 1581.38 21.5509 
125.02 5.0201 5.0201 1575.02 35.0201 
125.009 5.00884 5.00884 1575.01 35.0088 
134.93 8.07007 3.25134 1586.05 42.2958 
137.292 5.8438 6.33543 1584.7 30.8148 
110.523 4.54703 7.10411 1599.65 30.3767 
136.457 5.5672 8.35682 1572.48 34.5913 
128.79 8.79016 8.79016 1578.79 38.7902 
120.315 5.311 1.17373 1580.64 40.2016 
141.171 7.24408 2.36474 1580.2 21.0355 
124.992 5.01335 5.01431 1575.02 35.0106 
111.79 1.5536 3.66092 1574.14 38.8288 
134.67 3.07901 8.62733 1586.2 34.9337 
130.469 7.65772 7.8145 1577.85 37.1546 
114.737 0.146179 7.72156 1599.87 37.3859 
105.821 6.4093 7.33673 1587.36 33.7906 
147.688 2.0722e-010 2.21159e-014 1575.02 35.0201 
109.76 4.95911 3.93555 1554.88 47.171 
130.489 6.39008 2.9599 1595.93 28.6124 
144.103 7.22494 8.58338 1563.48 27.5197 
137.082 5.44775 5.51732 1581.09 40.4439 
128.942 8.94223 8.94223 1578.94 38.9422 
127.412 8.0599 7.33531 1577.04 36.1793 
125.01 5.01032 5.01032 1575.01 35.0103 
142.017 6.98286 8.1929 1564.74 28.3378 
125.02 5.0201 5.0201 1575.02 35.0201 
139.92 4.7879 4.85931 1597.1 43.2013 
144.052 0.302124 1.18195 1556.6 23.1247 
130.181 7.26613 5.01326 1577.55 25.4466 
147.688 2.0722e-010 2.21159e-014 1575.02 35.0201 
125.02 5.0201 5.0201 1575.02 35.0201 
140.937 7.12896 2.72003 1581.18 22.6505 
125.02 5.0201 5.0201 1575.02 35.0201 
130.296 7.58514 4.01062 1567.49 45.2786 
124.656 7.64649 7.59724 1581.7 39.3667 
147.157 3.83331 6.93359 1587.2 35.9677 
124.403 4.51355 7.6178 1578.94 30.0717 
113.856 3.61801 6.72939 1568.43 34.4821 
147.688 2.0722e-010 2.21159e-014 1575.02 35.0201 
138.973 7.71822 2.61942 1578.17 29.7812 
106.415 4.28801 7.74399 1580.98 46.0051 
136.573 4.40656 5.25397 1587.68 24.9802 
141.256 6.72092 8.01469 1590.59 45.6712 
128.79 8.79016 8.79016 1578.79 38.7902 
106.415 4.28801 7.74399 1580.98 46.0051 
126.072 4.02564 5.49012 1588.36 27.3727 
136.836 4.71816 3.20409 1559.69 32.6835 
126.254 8.64769 8.75553 1579.92 38.3432 
111.371 2.86102 4.46503 1570.81 28.1793 
129.634 6.87536 5.43639 1584.72 43.9349 
139.481 7.2825 2.97121 1576.57 21.5728 
134.662 6.87196 5.06534 1566.76 29.6082 
128.08 8.83235 8.21662 1579.48 38.5181 
128.942 8.94223 8.94223 1578.94 38.9422 
145.882 5.35284 7.31225 1584.68 38.3159 
122.165 0.664673 4.80499 1560.57 23.8498 
140.07 8.29742 8.14972 1571.17 22.438 
125.009 5.00884 5.00884 1575.01 35.0088 
138.135 7.38064 6.60679 1565.21 35.196 
128.942 8.94223 8.94223 1578.94 38.9422 
125.009 5.00884 5.00884 1575.01 35.0088 
132.233 5.28055 3.6326 1592.48 32.4037 
137.592 7.76554 4.28422 1579.62 26.4659 
123.341 4.97379 4.38852 1575.15 33.4021 
136.531 9.99298 9.69299 1593.37 45.2054 
144.922 6.1087 9.27795 1584.9 34.23 
141.626 4.52945 2.15403 1579.48 43.3722 
143.56 6.10477 8.89051 1583.42 33.5052 
125.308 5.30757 5.30757 1575.31 35.3076 
105.331 5.5033 2.58257 1587.18 37.0131 
147.688 2.0722e-010 2.21159e-014 1575.02 35.0201 
144.922 6.1087 9.27795 1584.9 34.23 
140.171 4.47488 9.05224 1559.27 34.4677 
128.942 8.94223 8.94223 1578.94 38.9422 
102.605 2.51282 8.62 1567.49 37.7631 
125.068 5.03975 5.03842 1574.56 35.1371 
112.107 4.56045 0.973219 1583.43 23.7876 
144.922 6.1087 9.27795 1584.9 34.23 
115.262 4.75098 1.34949 1575.78 25.6168 
128.942 8.94223 8.94223 1578.94 38.9422 
125.022 5.02194 5.02194 1575.02 35.0219 
125.024 5.02378 5.02378 1575.02 35.0238 
142.679 8.41827 4.74082 1562.77 25.1078 
120.909 5.12598 4.47672 1578.3 34.4521 
125.013 5.01254 5.01254 1575.01 35.0125 
118.993 5.32815 1.25416 1594.04 26.2425 
126.698 7.26606 6.84575 1582.29 37.7752 
135.94 7.23147 8.09386 1570.14 27.0868 
121.431 5.27978 5.45315 1577.33 34.7903 
144.103 7.22494 8.58338 1563.48 27.5197 
128.942 8.94223 8.94223 1578.94 38.9422 
129.613 5.62771 5.07433 1577.3 34.3426 
128.958 5.26634 5.01429 1569.24 35.5475 
102.605 2.51282 8.62 1567.49 37.7631 
125.458 3.73029 4.22612 1577.04 34.9835 
137.199 5.66175 4.53771 1574.59 38.7421 
124.474 5.02478 2.20852 1568.63 34.1219 
112.859 1.49262 3.35069 1573.64 39.305 
140.657 2.84454 0.55481 1583.27 23.967 
126.154 2.10205 9.26331 1558.18 39.1959 
143.932 3.96057 6.84906 1560.93 24.4138 
130.479 5.6516 6.04643 1571.74 32.8793 
128.79 8.79016 8.79016 1578.79 38.7902 
121.514 9.13084 7.35931 1591.91 36.0936 
133.652 5.44667 6.66232 1579.21 34.9776 
131.339 7.57192 7.71146 1575.4 36.4336 
137.408 5.65191 6.93056 1582.89 29.0097 
122.239 5.26197 3.79192 1571.94 34.6554 
129.887 3.94072 5.22348 1577.49 29.6377 
144.103 7.22494 8.58338 1563.48 27.5197 
136.61 6.2068 4.59122 1579.76 42.2476 
115.262 4.75098 1.34949 1575.78 25.6168 
125.02 5.0201 5.0201 1575.02 35.0201 
127.642 5.23204 2.17889 1571.42 34.7687 
131.992 0.752269 3.33829 1564.82 35.2769 
130.888 8.64142 8.75481 1576.53 37.5607 
125.013 5.01254 5.01254 1575.01 35.0125 
144.922 6.1087 9.27795 1584.9 34.23 
128.455 6.78974 9.35572 1587.58 35.4043 
123.111 4.65239 3.51131 1588.28 36.0345 
138.727 4.68597 7.68066 1591.1 20.3506 
130.394 5.41806 3.30078 1569.29 29.4732 
125.02 5.0201 5.0201 1575.02 35.0201 
145.125 6.96122 8.29423 1577.23 44.4627 
125.018 5.01847 5.01847 1575.02 35.0185 
139.287 9.17132 5.93687 1565.11 27.468 
104.074 3.30963 3.20618 1563.87 41.2915 
126.498 3.5376 7.62573 1578.74 34.5248 
128.752 6.50216 6.51278 1579.82 37.7531 
147.688 2.0722e-010 2.21159e-014 1575.02 35.0201 
116.097 4.25651 1.76762 1573.94 25.4029 
108.503 3.36975 2.9266 1560.34 25.8146 
139.92 4.7879 4.85931 1597.1 43.2013 
123.549 9.84344 8.86993 1551.11 22.1982 
117.018 8.92883 3.43462 1586.14 29.2658 
125.114 5.11444 5.11444 1575.11 35.1144 
130.888 8.64142 8.75481 1576.53 37.5607 
142.931 4.48517 9.82941 1583 41.2622 
100.063 5.63568 1.93298 1590.44 37.5497 
138.29 6.00281 0.774536 1560.87 21.3229 
125.219 5.09538 5.02445 1575.57 34.7617 
130.181 7.26613 5.01326 1577.55 25.4466 
100.063 5.63568 1.93298 1590.44 37.5497 
139.862 4.84415 1.7983 1580.04 27.2361 
106.415 4.28801 7.74399 1580.98 46.0051 
143.277 1.49027 7.54321 1553.76 24.5469 
128.942 8.94223 8.94223 1578.94 38.9422 
104.074 3.30963 3.20618 1563.87 41.2915 
125.024 5.02378 5.02378 1575.02 35.0238 
120.383 8.90414 1.47561 1589.46 27.3592 
128.296 8.0001 8.01771 1578.01 38.0382 
124.462 5.03204 4.86421 1575.08 34.8047 
128.79 8.79016 8.79016 1578.79 44.3205 
100.063 5.63568 1.93298 1590.44 37.5497 
132.448 9.53979 1.53961 1581.7 25.3293 
130.117 8.84663 8.55194 1577.2 37.6618 
143.666 6.32425 8.83033 1579.51 32.3325 
141.522 7.30804 2.27234 1580 20.9631 
140.146 3.4666 1.45916 1580.86 22.4694 
143.42 5.31928 5.71659 1568.34 32.8967 
144.922 6.1087 9.27795 1584.9 34.23 
126.381 5.79736 7.53702 1584.36 33.4105 
141.761 9.34196 6.46197 1563.21 27.7626 
115.92 6.86268 1.89508 1595.75 27.6675 
144.922 6.1087 9.27795 1584.9 34.23 
142.024 4.58557 2.40662 1552.95 31.6574 
143.568 7.88836 6.10573 1569.36 28.8141 
119.934 2.41089 5.85541 1562.76 40.5197 
138.793 4.60781 0.242434 1581.69 31.8507 
143.925 1.93298 1.95766 1577.17 36.9446 
127.182 7.58181 6.2992 1569.97 44.5198 
138.362 3.26141 2.547 1574.25 42.5558 
125.02 5.0201 5.0201 1575.02 35.0201 
127.47 2.44783 1.81425 1568.25 43.3351 
125.022 5.02194 5.02194 1575.02 35.0219 
125.02 5.0201 5.0201 1575.02 35.0201 
120.409 5.42639 2.03699 1572.45 30.3549 
141.765 3.82668 5.24272 1575.15 30.4517 
132.868 5.8837 7.84492 1594.24 41.9956 
120.14 5.30691 4.01905 1575.6 35.2901 
143.958 1.77931 1.77931 1575.8 35.8005 
136.6 4.05579 2.79572 1578.44 40.4666 
125.982 5.98174 5.98174 1575.98 35.9817 
139.55 7.81613 5.09506 1562.58 26.8757 
124.931 6.28991 6.03144 1576.27 35.9989 
147.688 2.0722e-010 2.21159e-014 1575.02 35.0201 
128.942 8.94223 8.94223 1578.94 38.9422 
115.262 4.75098 1.34949 1575.78 25.6168 
132.997 8.09087 8.91737 1580.38 37.6009 
130.68 5.56182 6.08117 1574.55 34.9486 
140.016 4.96662 4.97057 1594.75 41.732 
128.56 7.03217 9.5752 1588.63 35.2216 
125.009 5.00884 5.00884 1575.01 35.0088 
139.862 4.84415 1.7983 1580.04 27.2361 
126.029 6.0289 6.0289 1576.03 36.0289 
128.78 4.90165 6.02542 1576.69 36.3267 
136.531 9.99298 9.69299 1593.37 45.2054 
125.009 5.00884 5.00884 1575.01 35.0088 
142.931 4.48517 9.82941 1583 41.2622 
125.02 5.0201 5.0201 1575.02 35.0201 
134.93 8.07007 3.25134 1586.05 42.2958 
124.72 4.96237 4.78322 1577.1 35.1794 
144.052 0.302124 1.18195 1556.6 23.1247 
135.689 3.25383 4.44732 1572.02 36.2876 
141.283 3.95716 8.0923 1560.79 34.5211 
140.803 7.15003 8.80518 1568.78 29.214 
125.02 5.0201 5.0201 1575.02 35.0201 
128.942 8.94223 8.94223 1578.94 38.9422 
128.629 6.35803 9.65363 1599.24 41.1322 
122.165 0.664673 4.80499 1560.57 23.8498 
143.98 6.52298 0.267327 1580.51 32.7917 
114.564 5.00195 4.90416 1591.28 32.8129 
140.327 7.4881 4.15924 1578.06 29.0115 
128.79 8.79016 8.79016 1578.79 38.7902 
128.455 6.78974 9.35572 1587.58 35.4043 
130.68 5.56182 6.08117 1574.55 34.9486 
122.104 5.85907 3.79028 1581.6 36.7276 
141.629 4.54846 1.89578 1580.39 44.467 
115.869 2.74445 0.626831 1562.81 46.7371 
128.474 2.64923 1.1145 1563.36 42.0029 
139.58 0.649203 4.47262 1572.29 45.5109 
120.29 7.14577 6.68412 1568.09 42.6536 
111.591 6.08406 4.26993 1566.84 38.5866 
127.043 1.74377 1.6391 1575.65 21.4832 
125.02 5.0201 5.0201 1575.02 35.0201 
143.842 1.37057 8.69238 1588.56 44.5045 
134.673 5.22285 4.90736 1562.15 32.1628 
128.79 8.79016 8.79016 1578.79 38.7902 
128.942 8.94223 8.94223 1578.94 38.9422 
132.42 7.26441 8.58502 1575.8 36.8024 
105.843 7.25555 6.28906 1594.7 25.4904 
135.008 3.00163 5.75797 1586.37 41.3899 
140.016 4.96662 4.97057 1594.75 41.732 
136.252 5.35157 4.6771 1588.6 36.1524 
142.538 7.10153 5.50509 1571.62 23.4563 
115.262 4.75098 1.34949 1575.78 25.6168 
146.215 6.08526 3.06796 1561.64 27.5534 
128.79 8.79016 8.79016 1578.79 38.7902 
111.248 4.06707 4.75686 1584.59 37.2713 
134.35 5.19244 4.97974 1577.75 36.2256 
113.288 7.15522 3.51348 1579.44 34.805 
121.736 5.92847 6.52301 1578.3 36.7392 
123.076 8.51389 8.26845 1582.94 35.5261 
106.415 4.28801 7.74399 1580.98 46.0051 
111.17 1.99092 2.04687 1581.02 35.5755 
141.783 8.47292 8.08869 1579.89 22.6681 
141.444 8.5495 8.49152 1584.68 21.3678 
133.753 9.25634 9.14717 1592.02 44.0243 
122.239 5.26197 3.79192 1571.94 34.6554 
140.327 7.4881 4.15924 1578.06 29.0115 
127.349 0.381292 8.61065 1577.21 39.504 
132.448 9.53979 1.53961 1581.7 25.3293 
149.101 9.65424 5.14435 1554.4 21.5216 
133.849 7.63894 5.92286 1572.31 25.0009 
125.009 5.00884 5.00884 1575.01 35.0088 
146.201 8.63215 5.12449 1554.66 24.4575 
123.111 4.65239 3.51131 1588.28 36.0345 
133.596 1.32023 3.37322 1570.26 25.0774 
123.549 9.84344 8.86993 1551.11 22.1982 
136.42 7.60584 4.36598 1564.66 37.5984 
128.843 5.45834 5.73515 1572.72 33.5147 
111.516 3.14794 4.71394 1566.49 32.3057 
129.713 8.69579 8.7777 1577.87 38.1106 
128.376 8.48586 8.0727 1576.31 38.4502 
115.262 4.75098 1.34949 1575.78 25.6168 
131.358 8.1537 9.1097 1581.63 37.5318 
137.81 1.52771 4.04724 1580.72 41.503 
125.903 5.90341 5.90341 1575.9 35.9034 
105.273 3.90711 6.14862 1574.71 37.3321 
132.364 6.99498 3.63365 1564.71 41.3589 
101.534 1.50757 0.91217 1554.01 21.3568 
128.79 8.79016 8.79016 1578.79 38.7902 
128.79 8.79016 8.79016 1578.79 38.7902 
147.118 8.81121 4.3168 1555.86 27.3709 
123.549 9.84344 8.86993 1551.11 22.1982 
100.063 5.63568 1.93298 1590.44 37.5497 
144.922 6.1087 9.27795 1584.9 34.23 
140.598 6.49953 1.92302 1592.28 37.5084 
120.909 5.12598 4.47672 1578.3 34.4521 
141.522 7.30804 2.27234 1580 20.9631 
144.103 7.22494 8.58338 1563.48 27.5197 
115.869 2.74445 0.626831 1562.81 46.7371 
141.2 7.17449 7.7024 1564.72 26.823 
127.244 5.61266 3.81321 1584.01 37.8374 
100.063 5.63568 1.93298 1590.44 37.5497 
129.544 6.25298 7.52316 1579.89 35.3936 
139.48 6.69284 7.7387 1566.33 29.3494 
124.843 5.41565 9.24652 1572.01 42.5146 
120.315 5.311 1.17373 1580.64 40.2016 
143.925 1.93298 1.95766 1577.17 36.9446 
133.659 5.4936 6.86907 1579.31 34.6783 
135.502 1.34343 2.77416 1575.45 26.5237 
128.79 8.79016 8.79016 1578.79 38.7902 
112.485 8.71857 1.86768 1591.8 25.7605 
139.831 8.37924 4.16964 1561.56 38.3696 
131.339 7.57192 7.71146 1575.4 36.4336 
125.157 5.15706 5.15706 1575.16 35.1571 
140.824 8.41224 2.5845 1586.76 30.1851 
128.899 2.09969 3.97915 1570.24 41.1495 
125.011 5.02031 5.019 1575.03 35.021 
132.233 5.28055 3.6326 1592.48 32.4037 
138.931 4.32121 0.307936 1583.67 27.1738 
105.843 7.25555 6.28906 1594.7 25.4904 
128.79 8.79016 8.79016 1578.79 38.7902 
126.381 5.79736 7.53702 1584.36 33.4105 
106.986 4.87039 1.46857 1593.37 25.0867 
138.786 8.76923 5.0708 1580.69 32.2086 
125.013 5.01254 5.01254 1575.01 35.0125 
131.36 8.18787 6.24817 1581.71 23.4259 
121.001 9.94422 1.8338 1581.08 32.2195 
139.92 4.7879 4.85931 1597.1 43.2013 
111.383 3.90403 3.83669 1567.76 39.0998 
115.534 6.6468 4.0337 1584.37 34.2951 
125.013 5.01254 5.01254 1575.01 35.0125 
128.942 8.94223 8.94223 1578.94 38.9422 
120.495 5.96682 6.73062 1574.99 33.7375 
142.63 2.10571 1.15601 1577.66 20.4276 
128.79 8.79016 8.79016 1578.79 38.7902 
140.415 7.26269 8.62113 1567.15 29.2654 
133.482 6.5815 4.71811 1573.88 43.0084 
147.688 2.0722e-010 2.21159e-014 1575.02 35.0201 
137.937 6.80953 2.86747 1578.91 24.0144 
135.581 7.12112 3.26125 1593.09 40.6498 
127.114 8.30134 4.57731 1583.93 25.2218 
136.847 7.78448 8.37439 1564.79 28.0387 
113.237 8.31619 2.71003 1578.46 40.8568 
125.013 5.01254 5.01254 1575.01 35.0125 
107.027 5.94788 1.15936 1595.12 49.6695 
127.878 3.77757 4.42558 1571.72 34.2534 
128.79 8.79016 8.79016 1578.79 38.7902 
133.158 5.96146 6.55003 1570.13 31.8288 
135.581 7.12112 3.26125 1593.09 40.6498 
143.842 1.37057 8.69238 1588.56 41.7393 
143.819 8.66455 8.77441 1567.28 38.1027 
132.472 7.04395 5.01586 1562.05 30.1212 
130.479 5.6516 6.04643 1571.74 32.8793 
133.479 7.9491 1.54527 1586.66 29.9817 
121.001 9.25293 2.49878 1586.35 35.8057 
143.958 1.77931 1.77931 1575.8 35.8005 
130.296 7.58514 4.01062 1567.49 45.2786 
130.403 8.3245 8.11348 1575.61 37.5459 
146.292 6.60431 7.09778 1579.06 22.1533 
129.951 3.85223 7.34985 1580.45 37.1716 
128.942 8.94223 8.94223 1578.94 38.9422 
143.639 7.31994 8.65465 1564.1 27.9482 
125.019 5.01943 5.01943 1575.02 35.0194 
128.942 8.94223 8.94223 1578.94 38.9422 
128.942 8.94223 8.94223 1578.94 38.9422 
147.688 2.0722e-010 2.21159e-014 1575.02 35.0201 
105.519 8.90289 9.39514 1566.28 48.9279 
140.645 5.13368 3.58095 1564.37 29.8 
139.018 3.02625 2.92632 1583.63 34.3044 
138.334 5.88087 5.60025 1581.77 34.096 
148.236 9.21957 5.77855 1556.03 22.5949 
144.922 6.1087 9.27795 1584.9 34.23 
138.126 6.53656 3.88641 1553.27 37.0892 
132.233 5.28055 3.6326 1592.48 32.4037 
139.92 4.7879 4.85931 1597.1 43.2013 
102.605 2.51282 8.62 1567.49 37.7631 
141.629 4.54846 1.89578 1580.39 44.467 
147.688 2.0722e-010 2.21159e-014 1575.02 35.0201 
144.922 6.1087 9.27795 1584.9 34.23 
138.792 8.70361 2.10632 1572.83 20.1126 
125.019 5.01943 5.01943 1575.02 35.0194 
112.158 5.78732 3.89404 1586.61 33.7904 
141.841 7.18564 7.89706 1564.45 26.977 
131.831 8.21402 0.43217 1586.92 29.3702 
142.873 8.51026 3.69232 1580.98 34.0633 
113.582 5.38727 4.43115 1596.54 32.334 
131.981 8.40337 9.00608 1580.07 38.0461 
149.101 9.65424 5.14435 1554.4 21.5216 
125.02 5.0201 5.0201 1575.02 35.0201 
128.79 8.79016 8.79016 1578.79 38.7902 
130.805 6.68642 4.44108 1590.27 37.6439 
124.972 5.30875 6.46799 1577.95 33.7847 
145.81 4.03446 4.09576 1568.01 37.2635 
129.887 3.94072 5.22348 1577.49 29.6377 
145.748 6.35087 7.22075 1576.87 24.0388 
131.37 6.3945 2.40704 1572.84 33.3853 
126.881 7.58766 3.568 1574.89 42.7068 
106.638 2.46039 2.25322 1565.07 22.9448 
115.262 4.75098 1.34949 1575.78 25.6168 
141.496 1.5741 5.12909 1551.29 34.0753 
141.05 3.82364 7.72189 1593.52 45.0017 
128.79 8.79016 8.79016 1578.79 38.7902 
144.052 0.302124 1.18195 1556.6 23.1247 
129.152 5.05944 4.88818 1577.48 35.4011 
143.455 6.30181 2.41538 1571.97 24.8504 
128.942 8.94223 8.94223 1578.94 38.9422 
100.063 5.63568 1.93298 1590.44 37.5497 
128.942 8.94223 8.94223 1578.94 38.9422 
144.103 7.22494 8.58338 1563.48 27.5197 
125.016 5.01636 5.01636 1575.02 35.0164 
115.262 4.75098 1.34949 1575.78 25.6168 
128.942 8.94223 8.94223 1578.94 38.9422 
125.02 5.0201 5.0201 1575.02 35.0201 
138.02 5.34168 2.58026 1582.64 31.1383 
127.043 1.74377 1.6391 1575.65 21.4832 
125.157 5.15706 5.15706 1575.16 35.1571 
144.086 2.07458 0.6073 1567.24 33.6322 
137.808 9.17379 7.17152 1567.96 31.1234 
143.874 7.25607 9.3133 1588.03 34.001 
131.37 6.3945 2.40704 1572.84 33.3853 
131.37 6.3945 2.40704 1572.84 33.3853 
147.688 2.0722e-010 2.21159e-014 1575.02 35.0201 
146.491 3.21402 2.17623 1571.32 30.086 
119.269 1.93146 0.332031 1594.03 27.8854 
128.79 8.79016 8.79016 1578.79 38.7902 
149.101 9.65424 5.14435 1554.4 21.5216 
141.336 6.13304 7.999 1582.11 37.7797 
125.325 9.05762 8.60463 1576.57 36.7702 
125.01 5.01028 5.01028 1575.01 35.0103 
111.383 3.90403 3.83669 1567.76 39.0998 
128.79 8.79016 8.79016 1578.79 38.7902 
136.834 7.19944 7.98749 1569.39 31.6662 
107.591 0.469666 0.0924683 1567.43 39.3158 
127.137 4.08495 1.02511 1580.53 32.0261 
129.862 6.62372 6.70475 1571.9 38.6093 
106.674 2.90185 2.41811 1558.68 24.6548 
104.074 3.30963 3.20618 1563.87 41.2915 
145.561 6.66749 8.49465 1562.07 26.2489 
125.009 5.00884 5.00884 1575.01 35.0088 
125.157 5.15706 5.15706 1575.16 35.1571 
144.103 7.22494 8.58338 1563.48 27.5197 
143.568 7.28549 8.59603 1564.02 27.9224 
111.834 3.44427 4.84061 1581.35 34.7054 
115.114 4.10769 7.32578 1588.13 31.0776 
125.02 5.0201 5.0201 1575.02 35.0201 
129.744 6.59729 4.95629 1585.54 44.648 
113.277 7.70333 7.80651 1585.76 33.6421 
104.839 4.27917 1.78345 1576.35 40.6076 
145.226 6.59424 9.99207 1571.57 24.0082 
124.403 4.51355 7.6178 1578.94 30.0717 
131.805 6.67741 7.42208 1587.16 36.6327 
128.79 8.79016 8.79016 1578.79 38.7902 
133.652 5.44667 6.66232 1579.21 34.9776 
131.326 5.60212 4.98175 1580.4 44.8176 
140.803 7.15003 8.80518 1568.78 29.214 
142.079 0.885961 7.20078 1554.88 25.2976 
104.839 4.27917 1.78345 1576.35 40.6076 
135.748 7.0846 5.07545 1565.83 29.0065 
106.638 2.46039 2.25322 1565.07 22.9448 
128.79 8.79016 8.79016 1578.79 38.7902 
128.305 8.71366 8.82125 1578.13 39.3481 
139.58 0.649203 4.47262 1572.29 45.5109 
144.922 6.1087 9.27795 1584.9 34.23 
128.117 8.72958 7.87268 1574.85 38.3257 
122.086 0.801086 7.82074 1558.59 49.231 
128.404 5.66598 5.0311 1572.11 33.1133 
136.836 4.71816 3.20409 1559.69 32.6835 
137.775 5.74612 6.34181 1579.32 34.4528 
141.519 6.61095 7.22259 1572.01 30.5597 
128.883 4.09293 4.27036 1571.33 32.6454 
115.262 4.75098 1.34949 1575.78 25.6168 
128.942 8.94223 8.94223 1578.94 38.9422 
124.853 4.85321 4.85321 1574.85 34.8532 
134.88 6.06374 7.93798 1586.84 33.029 
135.249 5.50865 8.00378 1572.75 34.6358 
128.942 8.94223 8.94223 1578.94 38.9422 
132.613 3.32131 3.34314 1574.56 34.721 
138.925 6.27623 3.9082 1554.8 37.1074 
119.942 9.28741 6.74622 1569.14 21.8924 
120.163 7.06969 6.67664 1572.46 36.7256 
124.145 4.7214 3.78455 1588.12 35.949 
138.02 5.34168 2.58026 1582.64 31.1383 
127.114 8.30134 4.57731 1583.93 25.2218 
126.951 6.951 6.951 1576.95 36.951 
128.79 8.79016 8.79016 1578.79 38.7902 
129.14 3.20007 7.00107 1571.6 34.6835 
146.171 3.10072 7.45678 1587.61 37.6846 
136.573 4.40656 5.25397 1587.68 24.9802 
102.954 2.8941 2.584 1576.12 33.1757 
135.135 6.66256 3.28436 1582.6 23.7495 
109.037 4.03035 0.753599 1559.86 38.2482 
125.144 8.82891 4.65591 1577.91 22.4143 
133.538 6.47397 5.87367 1567.32 34.1883 
141.841 7.18564 7.89706 1564.45 26.977 
109.997 0.864686 3.92173 1572.04 31.9271 
131.114 9.33014 7.7713 1590.6 44.5416 
112.888 4.55953 6.63613 1572.51 35.4052 
128.79 8.79016 8.79016 1578.79 38.7902 
125.011 5.02031 5.019 1575.03 35.021 
106.674 2.90185 2.41811 1558.68 24.6548 
116.874 6.93637 2.29231 1594.42 28.4664 
149.101 9.65424 5.14435 1554.4 21.5216 
142.668 7.158 8.54275 1564.86 28.194 
140.824 8.41224 2.5845 1586.76 30.1851 
129.93 4.23526 4.60921 1581.45 31.3021 
144.922 6.1087 9.27795 1584.9 34.23 
140.146 3.4666 1.45916 1580.86 22.4694 
123.655 1.01773 4.95022 1561.66 23.8449 
129.927 8.43041 8.02642 1577.84 39.8238 
125.013 5.01254 5.01254 1575.01 35.0125 
141.283 3.95716 8.0923 1560.79 34.5211 
147.474 0.896986 3.63579 1559.45 35.8422 
147.688 2.0722e-010 2.21159e-014 1575.02 35.0201 
137.189 4.11129 5.14066 1578.23 34.7643 
128.79 8.79016 8.79016 1578.79 38.7902 
134.077 5.7407 4.03735 1576.42 30.2008 
128.348 8.65824 8.54715 1578.69 38.3599 
131.807 1.00545 5.3974 1574.65 40.674 
136.531 9.99298 9.69299 1593.37 45.2054 
118.931 6.20608 2.83655 1575.18 37.0374 
144.052 0.302124 1.18195 1556.6 23.1247 
140.616 9.13762 4.36107 1562.04 23.0297 
103.907 7.6549 5.88239 1575.24 48.9446 
112.485 8.71857 1.86768 1591.8 25.7605 
126.427 6.49852 6.51734 1576.4 36.6095 
111.17 1.99092 2.04687 1581.02 35.5755 
148.094 2.77092 1.47651 1569.1 31.1458 
128.79 8.79016 8.79016 1578.79 38.7902 
143.42 5.31928 5.71659 1568.34 32.8967 
112.46 5.70679 3.46893 1577 39.9466 
125.02 5.0201 5.0201 1575.02 35.0201 
102.742 3.96466 3.22458 1574.71 32.2613 
125.013 5.01254 5.01254 1575.01 35.0125 
149.101 9.65424 5.14435 1554.4 21.5216 
145.125 6.96122 8.29423 1577.23 44.4627 
126.498 3.5376 7.62573 1578.74 34.5248 
125.157 5.15706 5.15706 1575.16 35.1571 
115.307 0.40288 7.58915 1598.56 37.2491 
143.143 0.473022 7.43195 1551.8 23.9249 
100.063 5.63568 1.93298 1590.44 37.5497 
139.018 3.02625 2.92632 1583.63 34.3044 
128.706 8.73786 8.78267 1578.91 38.7806 
128.506 8.65079 8.58044 1578.49 38.6218 
106.638 2.46039 2.25322 1565.07 22.9448 
121.738 7.25006 8.32672 1574.59 29.4757 
144.713 7.78191 7.81809 1565.93 28.0316 
142.332 9.41986 0.386047 1582.94 31.8021 
141.378 8.68132 4.38973 1563.11 23.3927 
134.503 2.91467 2.91467 1575.02 35.0157 
135.424 6.22221 6.96285 1568.73 30.9308 
113.277 7.70333 7.80651 1585.76 33.6421 
114.737 0.146179 7.72156 1599.87 37.3859 
113.792 5.94485 4.70665 1578.4 38.8621 
149.101 9.65424 5.14435 1554.4 21.5216 
128.883 4.09293 4.27036 1571.33 32.6454 
125.905 5.12237 5.18539 1574.48 34.6722 
141.765 3.82668 5.24272 1575.15 30.4517 
129.887 3.94072 5.22348 1577.49 29.6377 
127.055 6.21866 5.42715 1576.91 33.2626 
128.942 8.94223 8.94223 1578.94 38.9422 
127.834 5.17464 5.6229 1576.43 34.9088 
139.58 0.649203 4.47262 1572.29 45.5109 
110.423 4.54376 7.11853 1599.82 30.3445 
100.063 5.63568 1.93298 1590.44 37.5497 
122.397 5.85766 5.31227 1581.98 36.9353 
125.339 4.94114 5.1049 1574.62 35.0359 
136.021 4.67159 2.84791 1555.48 24.1583 
139.804 7.74873 8.73471 1567.98 30.8257 
131.679 7.4865 4.97649 1556.16 29.8562 
126.703 5.31651 5.21321 1573.82 33.7012 
137.836 4.9208 5.13252 1562.47 31.6239 
126.788 5.42708 4.72877 1576.83 36.2642 
141.626 4.52945 2.15403 1579.48 43.3722 
135.976 4.55797 5.8604 1588.77 25.403 
100.744 5.89015 2.32114 1589.55 37.3003 
128.106 8.10599 8.10599 1578.11 38.106 
128.843 5.45834 5.73515 1572.72 33.5147 
133.652 5.44667 6.66232 1579.21 34.9776 
141.841 7.18564 7.89706 1564.45 26.977 
123.549 9.84344 8.86993 1551.11 22.1982 
140.616 9.13762 4.36107 1562.04 23.0297 
116.246 8.98987 2.01477 1597.01 23.7518 
125.02 5.0201 5.0201 1575.02 35.0201 
115.307 0.40288 7.58915 1598.56 37.2491 
130.586 3.3401 4.80359 1573.97 39.0287 
128.79 8.79016 8.79016 1578.79 38.7902 
142.538 7.10153 5.50509 1571.62 23.4563 
135.655 8.14105 8.7556 1572.05 33.826 
147.688 2.0722e-010 2.21159e-014 1575.02 35.0201 
103.928 1.98364 7.80212 1590.01 25.2679 
128.942 8.94223 8.94223 1578.94 38.9422 
111.682 3.81659 3.51594 1576.59 40.9109 
128.33 8.63166 7.63355 1580.73 40.0106 
128.942 8.94223 8.94223 1578.94 38.9422 
129.893 7.17445 9.32265 1577.79 39.8361 
125.02 5.0201 5.0201 1575.02 35.0201 
140.462 4.46442 9.12964 1558.96 34.4571 
129.713 8.69579 8.7777 1577.87 38.1106 
130.107 6.98384 6.23552 1587.4 41.2357 
128.979 5.72968 4.03476 1584.97 44.045 
142.679 8.41827 4.74082 1562.77 25.1078 
124.919 5.73883 8.56049 1582.17 32.0291 
104.074 3.30963 3.20618 1563.87 41.2915 
115.307 0.40288 7.58915 1598.56 37.2491 
128.942 8.94223 8.94223 1578.94 38.9422 
135.56 1.10224 7.03719 1575.52 40.9457 
110.457 0.899793 3.19139 1573.61 38.8735 
106.638 2.46039 2.25322 1565.07 22.9448 
115.262 4.75098 1.34949 1575.78 25.6168 
130.586 3.3401 4.80359 1573.97 39.0287 
125.013 5.01254 5.01254 1575.01 35.0125 
128.942 8.94223 8.94223 1578.94 38.9422 
125.02 5.0201 5.0201 1575.02 35.0201 
104.951 2.03552 6.00022 1566.34 36.2003 
139.58 0.649203 4.47262 1572.29 45.5109 
125.009 5.00884 5.00884 1575.01 35.0088 
144.073 7.22609 8.57532 1563.55 27.517 
112.46 5.70679 3.46893 1577 39.9466 
143.311 2.20232e-018 0.0924683 1567.43 39.3158 
127.114 8.30134 4.57731 1583.93 25.2218 
135.676 5.49754 7.13143 1580.48 38.5304 
128.79 8.79016 8.79016 1578.79 38.7902 
128.942 8.94223 8.94223 1578.94 38.9422 
128.963 4.01489 7.10999 1596 49.4296 
130.394 5.41806 3.30078 1569.29 29.4732 
125.144 8.82891 4.65591 1577.91 22.4143 
133.482 6.5815 4.71811 1573.88 43.0084 
129.955 9.07715 2.55981 1590.6 37.1368 
128.79 8.79016 8.79016 1578.79 38.7902 
136.6 4.05579 2.79572 1578.44 40.4666 
147.688 2.0722e-010 2.21159e-014 1575.02 35.0201 
145.882 5.35284 7.31225 1584.68 38.3159 
136.531 9.99298 9.69299 1593.37 45.2054 
135.249 5.50865 8.00378 1572.75 34.6358 
129.955 9.07715 2.55981 1590.6 37.1368 
111.383 3.90403 3.83669 1567.76 39.0998 
119.934 2.41089 5.85541 1562.76 40.5197 
128.958 5.26634 5.01429 1569.24 35.5475 
139.862 4.84415 1.7983 1580.04 27.2361 
142.466 6.18976 1.92462 1579.24 23.1141 
130.055 4.92905 1.74339 1586.22 21.6752 
129.042 6.9532 7.91162 1593.73 42.7287 
124.919 5.73883 8.56049 1582.17 32.0291 
118.352 0.585938 3.29742 1566.98 42.739 
121.431 5.27978 5.45315 1577.33 34.7903 
141.269 5.90892 8.49654 1583.25 35.4285 
126.848 6.84813 6.84813 1576.85 36.8481 
143.741 8.87665 8.44757 1580.46 21.2268 
139.804 7.74873 8.73471 1567.98 30.8257 
136.604 5.6552 7.49969 1580.77 34.5618 
141.522 7.30804 2.27234 1580 20.9631 
105.843 7.25555 6.28906 1594.7 25.4904 
127.21 7.85201 8.09181 1572.69 41.6352 
137.81 1.52771 4.04724 1580.72 41.503 
144.231 1.5142 7.61933 1572.8 25.3893 
127.287 8.01857 8.69229 1584.6 34.0254 
128.821 8.82113 8.82113 1578.82 38.8211 
125.306 5.12597 5.38674 1576.94 35.5037 
141.783 8.47292 8.08869 1579.89 22.6681 
125.02 5.0201 5.0201 1575.02 35.0201 
142.931 4.48517 9.82941 1583 41.2622 
128.942 8.94223 8.94223 1578.94 38.9422 
121.893 9.34828 5.84004 1576.58 39.3228 
120.409 5.42639 2.03699 1572.45 30.3549 
116.097 4.25651 1.76762 1573.94 25.4029 
144.713 7.78191 7.81809 1565.93 28.0316 
127.137 4.08495 1.02511 1580.53 32.0261 
124.919 5.73883 8.56049 1582.17 32.0291 
139.962 6.22592 6.50366 1577.02 32.1506 
140.462 4.46442 9.12964 1558.96 34.4571 
102.742 3.96466 3.22458 1574.71 32.2613 
134.503 2.91467 2.91467 1575.02 35.0157 
132.868 5.8837 7.84492 1594.24 41.9956 
138.707 1.64337 8.6676 1557.98 35.7077 
104.146 3.3123 3.19832 1563.92 41.2504 
125.174 5.17373 5.17373 1575.17 35.1737 
134.523 4.42021 1.96575 1588.84 40.3297 
128.79 8.79016 8.79016 1578.79 38.7902 
131.807 1.00545 5.3974 1574.65 40.674 
144.073 7.22609 8.57532 1563.55 27.517 
135.502 1.34343 2.77416 1575.45 26.5237 
115.262 4.75098 1.34949 1575.78 25.6168 
131.679 7.4865 4.97649 1556.16 29.8562 
100.172 3.98651 1.40106 1559.05 38.6905 
105.821 6.4093 7.33673 1587.36 33.7906 
106.415 4.28801 7.74399 1580.98 46.0051 
140.462 4.46442 9.12964 1558.96 34.4571 
144.103 7.22494 8.58338 1563.48 27.5197 
127.136 3.71663 3.8022 1569.38 40.0551 
139.001 6.75446 4.71558 1587.84 20.5521 
143.455 6.30181 2.41538 1571.97 24.8504 
125.009 5.00884 5.00884 1575.01 35.0088 
111.17 1.99092 2.04687 1581.02 35.5755 
129.528 7.57242 7.65019 1581.11 32.5773 
112.888 4.55953 6.63613 1572.51 35.4052 
136.021 4.67159 2.84791 1555.48 24.1583 
128.843 5.45834 5.73515 1572.72 33.5147 
134.944 5.37122 5.42846 1580.01 39.4822 
112.598 6.87801 8.1601 1551.86 44.9307 
137.81 1.52771 4.04724 1580.72 41.503 
125.015 5.01463 5.01463 1575.01 35.0146 
106.415 4.28801 7.74399 1580.98 46.0051 
125.02 5.0201 5.0201 1575.02 35.0201 
128.564 5.41288 6.55699 1574.46 32.3006 
128.79 8.79016 8.79016 1578.79 38.7902 
119.073 0.601196 0.256042 1582.28 25.1892 
144.103 7.22494 8.58338 1563.48 27.5197 
106.986 4.87039 1.46857 1593.37 25.0867 
136.42 7.60584 4.36598 1564.66 37.5984 
128.171 5.4428 4.8011 1583.52 44.7837 
119.269 1.93146 0.332031 1594.03 27.8854 
142.351 4.49014 9.64555 1583.12 41.0884 
129.233 3.27855 4.50405 1554.21 33.6446 
142.834 2.86195 2.90355 1587.89 39.786 
111.79 1.5536 3.66092 1574.14 38.8288 
112.888 4.55953 6.63613 1572.51 35.4052 
125.013 5.01254 5.01254 1575.01 35.0125 
140.766 8.77557 4.56296 1563.28 23.9019 
127.07 5.23508 5.30867 1572.62 34.6329 
144.462 6.00171 8.87442 1585.82 34.9329 
129.231 8.80294 8.46015 1578.5 38.5442 
128.276 5.12386 5.32563 1558.28 44.8367 
129.722 7.95184 8.19992 1577.46 37.1626 
129.674 7.3877 2.94373 1583.99 43.5831 
128.79 8.79016 8.79016 1578.79 38.7902 
137.082 5.44775 5.51732 1581.09 40.4439 
136.531 9.99298 9.69299 1593.37 45.2054 
129.702 6.11033 2.5104 1567.87 24.6209 
133.448 7.21418 2.09496 1585.73 30.2874 
125.02 5.0201 5.0201 1575.02 35.0201 
106.415 4.28801 7.74399 1580.98 46.0051 
125.458 4.50525 4.88043 1569.89 33.1887 
115.335 4.75896 1.36488 1575.8 25.6291 
138.324 9.19575 7.07885 1567.34 30.6844 
130.296 7.58514 4.01062 1567.49 45.2786 
129.231 8.80294 8.46015 1578.5 38.5442 
111.834 3.44427 4.84061 1581.35 34.7054 
131.114 9.33014 7.7713 1590.6 44.5416 
110.457 0.899793 3.19139 1573.61 38.8735 
128.79 8.79016 8.79016 1578.79 38.7902 
140.616 9.13762 4.36107 1562.04 23.0297 
128.276 5.12386 5.32563 1558.28 44.8367 
113.902 2.38271 4.24362 1574.58 38.8579 
135.016 4.32955 2.97839 1589.34 32.8749 
112.434 5.4779 1.27051 1593.49 27.3249 
146.292 6.60431 7.09778 1579.06 22.1533 
135.946 5.93529 5.99515 1580.79 40.2344 
133.208 1.50757 6.36322 1578.48 32.6608 
138.124 6.41184 5.83953 1581.87 34.3156 
125.02 5.0201 5.0201 1575.02 35.0201 
101.185 1.34394 1.47991 1588.93 38.481 
125.954 5.00791 5.01654 1573.83 34.8335 
133.705 3.84721 3.99627 1554.69 43.3918 
141.537 7.00592 0.168762 1590.09 26.3675 
144.103 7.22494 8.58338 1563.48 27.5197 
113.669 1.53058 2.62779 1559.38 38.7491 
128.79 8.79016 8.79016 1578.79 38.7902 
143.917 7.23094 8.12762 1564.67 27.0462 
128.942 8.94223 8.94223 1578.94 38.9422 
131.992 0.752269 3.33829 1564.82 35.2769 
128.79 8.79016 8.79016 1578.79 38.7902 
144.922 6.1087 9.27795 1584.9 34.23 
143.081 7.32936 8.59717 1564.5 28.2716 
132.669 4.49511 2.00343 1595.03 32.6976 
113.803 6.06682 7.89428 1588.85 38.5911 
114.764 5.11524 9.80957 1572.56 48.1625 
115.665 2.6792e-008 4.04724 1580.72 41.503 
143.353 2.54621 1.00897 1568.82 33.5346 
138.02 5.34168 2.58026 1582.64 31.1383 
104.146 3.3123 3.19832 1563.92 41.2504 
105.519 8.90289 9.39514 1566.28 48.9279 
145.863 4.78058 0.83374 1568.74 43.0411 
136.573 4.40656 5.25397 1587.68 24.9802 
128.942 8.94223 8.94223 1578.94 38.9422 
147.118 8.81121 4.3168 1555.86 27.3709 
125.013 5.01254 5.01254 1575.01 35.0125 
130.979 7.53046 6.86165 1568.65 40.6964 
135.135 6.66256 3.28436 1582.6 23.7495 
144.533 5.44591 6.09272 1583.57 32.3186 
130.049 8.65195 8.88725 1579.3 38.5125 
115.262 4.75098 1.34949 1575.78 25.6168 
126.427 6.49852 6.51734 1576.4 36.6095 
121.001 9.94422 1.8338 1581.08 32.2195 
124.076 5.15323 5.24993 1573.27 35.7606 
128.79 8.79016 8.79016 1578.79 38.7902 
138.394 3.27035 2.52228 1574.12 42.3654 
137.199 5.66175 4.53771 1574.59 38.7421 
125.954 5.00791 5.01654 1573.83 34.8335 
125.921 5.92122 5.92122 1575.92 35.9212 
145.125 6.96122 8.29423 1577.23 44.4627 
126.516 5.1832 6.64887 1583.79 33.6446 
128.79 8.79016 8.79016 1578.79 38.7902 
122.414 4.66115 3.31929 1587.17 35.1092 
113.991 5.97021 5.15073 1590.89 30.5308 
133.208 1.50757 6.36322 1578.48 32.6608 
127.114 8.30134 4.57731 1583.93 25.2218 
137.082 5.44775 5.51732 1581.09 40.4439 
142.024 4.58557 2.40662 1552.95 31.6574 
145.81 4.03446 4.09576 1568.01 37.2635 
125.02 5.0201 5.0201 1575.02 35.0201 
144.462 6.00171 8.87442 1585.82 34.9329 
127.878 3.77757 4.42558 1571.72 34.2534 
100.063 5.63568 1.93298 1590.44 37.5497 
128.942 8.94223 8.94223 1578.94 38.9422 
116.246 8.98987 2.01477 1597.01 23.7518 
133.596 1.32023 3.37322 1570.26 25.0774 
128.629 6.35803 9.65363 1599.24 41.1322 
113.277 7.70333 7.80651 1585.76 33.6421 
144.556 8.3364 5.85095 1556.85 27.4235 
144.922 6.1087 9.27795 1584.9 34.23 
125.786 5.27544 4.99169 1575.26 34.3773 
125.02 5.0201 5.0201 1575.02 35.0201 
125.92 6.78008 6.47181 1576.87 35.9523 
118.221 5.36838 3.84218 1566.83 45.2919 
139.854 8.89038 7.1228 1568.14 28.9447 
134.054 1.98463 4.4374 1579.49 40.584 
128.79 8.79016 8.79016 1578.79 38.7902 
125.141 7.96248 8.93246 1577.52 39.9262 
125.02 5.0201 5.0201 1575.02 35.0201 
124.427 4.84707 4.93927 1574.96 35.1679 
125.212 5.10939 5.0103 1574.37 35.4145 
126.703 5.31651 5.21321 1573.82 33.7012 
128.942 8.94223 8.94223 1578.94 38.9422 
125.009 5.00884 5.00884 1575.01 35.0088 
141.31 7.37335 6.46881 1563.11 21.9455 
143.553 1.85917 1.88212 1575.68 35.9435 
125.013 5.01254 5.01254 1575.01 35.0125 
112.485 8.71857 1.86768 1591.8 25.7605 
128.79 8.79016 8.79016 1578.79 38.7902 
134.308 5.99519 6.29957 1575.44 38.2869 
113.991 5.97021 5.15073 1590.89 30.5308 
116.619 7.45938 4.95309 1566.3 36.6069 
136.148 5.62879 7.40089 1580.54 34.5783 
141.004 5.07415 5.81693 1594.46 41.257 
110.586 7.32518 3.56378 1573.8 24.5828 
138.29 6.00281 0.774536 1560.87 21.3229 
141.522 7.30804 2.27234 1580 20.9631 
142.931 4.48517 9.82941 1583 41.2622 
131.831 8.21402 0.43217 1586.92 29.3702 
126.625 4.65619 4.65619 1575.01 35.0131 
123.208 5.17774 4.21959 1573.01 34.7824 
130.135 8.52497 3.31118 1579.17 46.945 
128.106 8.10599 8.10599 1578.11 38.106 
141.496 1.5741 5.12909 1551.29 34.0753 
122.613 3.87458 5.64161 1580.81 35.5633 
144.922 6.1087 9.27795 1584.9 34.23 
149.101 9.65424 5.14435 1554.4 21.5216 
113.203 3.64777 4.64752 1556.88 24.8917 
125.02 5.0201 5.0201 1575.02 35.0201 
127.005 7.39998 8.75844 1580.5 35.614 
135.581 7.12112 3.26125 1593.09 40.6498 
104.074 3.30963 3.20618 1563.87 41.2915 
142.679 8.41827 4.74082 1562.77 25.1078 
125.011 5.01079 5.01079 1575.01 35.0108 
146.89 8.44936 7.69747 1569.21 40.171 
123.99 7.88568 7.20055 1558.67 31.1749 
107.027 5.94788 1.15936 1595.12 49.6695 
102.563 1.78268 1.20978 1554.94 22.0154 
142.024 4.58557 2.40662 1552.95 31.6574 
114.764 5.11524 9.80957 1572.56 48.1625 
136.974 6.03675 5.45608 1557.84 33.4549 
133.247 6.55924 4.09935 1589.35 28.391 
138.786 8.76923 5.0708 1580.69 32.2086 
128.79 8.79016 8.79016 1578.79 38.7902 
125.022 5.02194 5.02194 1575.02 35.0219 
102.563 1.78268 1.20978 1554.94 22.0154 
125.01 5.01032 5.01032 1575.01 35.0103 
138.566 5.69387 6.4501 1588.69 33.3152 
141.522 7.30804 2.27234 1580 20.9631 
138.334 5.88087 5.60025 1581.77 34.096 
147.429 1.08644 4.40373 1556.17 36.0158 
128.942 8.94223 8.94223 1578.94 38.9422 
140.977 6.95337 9.03909 1583.1 34.0262 
134.942 6.57128 7.86713 1580.4 35.4734 
123.549 9.84344 8.86993 1551.11 22.1982 
131.387 7.80914 2.32819 1558.48 47.0273 
112.485 8.71857 1.86768 1591.8 25.7605 
110.423 4.54376 7.11853 1599.82 30.3445 
132.275 3.40489 3.40489 1575.01 35.0131 
128.942 8.94223 8.94223 1578.94 38.9422 
144.922 6.1087 9.27795 1584.9 34.23 
128.942 8.94223 8.94223 1578.94 38.9422 
139.862 4.84415 1.7983 1580.04 27.2361 
144.089 0.0159683 0.843484 1577.73 35.2785 
144.103 7.22494 8.58338 1563.48 27.5197 
113.277 7.70333 7.80651 1585.76 33.6421 
128.79 8.79016 8.79016 1578.79 38.7902 
130.599 8.76016 8.91057 1577.27 37.7041 
114.764 5.11524 9.80957 1572.56 48.1625 
125.019 5.0185 5.0185 1575.02 35.0185 
140.645 5.13368 3.58095 1564.37 29.8 
136.329 2.15426 6.21279 1559.83 28.0098 
139.018 3.02625 2.92632 1583.63 34.3044 
128.79 8.79016 8.79016 1578.79 38.7902 
137.408 5.65191 6.93056 1582.89 29.0097 
125.212 5.10939 5.0103 1574.37 35.4145 
128.821 8.82113 8.82113 1578.82 38.8211 
142.332 9.41986 0.386047 1582.94 31.8021 
102.605 2.51282 8.62 1567.49 37.7631 
131.807 1.00545 5.3974 1574.65 40.674 
144.922 6.1087 9.27795 1584.9 34.23 
142.332 9.41986 0.386047 1582.94 31.8021 
148.087 0.717813 4.19017 1567.4 30.9771 
135.382 6.15784 1.23352 1597.85 41.9186 
121.549 6.47765 5.42516 1570.59 43.321 
140.735 3.8626 5.09141 1575.17 30.2638 
125.136 7.05598 3.6689 1574.43 41.0727 
128.942 8.94223 8.94223 1578.94 38.9422 
125.75 5.10922 5.16163 1574.59 34.7412 
140.739 6.80407 9.15146 1583.31 35.4126 
128.629 6.35803 9.65363 1599.24 41.1322 
138.566 5.69387 6.4501 1588.69 33.3152 
139.58 0.649203 4.47262 1572.29 45.5109 
114.737 0.146179 7.72156 1599.87 37.3859 
125.141 7.96248 8.93246 1577.52 39.9262 
141.522 7.30804 2.27234 1580 20.9631 
141.333 6.72385 2.56189 1560.32 40.61 
128.942 8.94223 8.94223 1578.94 38.9422 
130.392 5.64079 6.02321 1571.77 32.9086 
115.262 4.75098 1.34949 1575.78 25.6168 
128.942 8.94223 8.94223 1578.94 38.9422 
115.955 4.72428 6.3233 1590.42 32.1164 
112.859 1.49262 3.35069 1573.64 39.305 
143.353 2.54621 1.00897 1568.82 33.5346 
130.75 3.95345 5.75247 1569.18 28.2385 
134.85 5.36591 4.12537 1563.98 39.7003 
128.942 8.94223 8.94223 1578.94 38.9422 
100.063 5.63568 1.93298 1590.44 37.5497 
125.019 5.01943 5.01943 1575.02 35.0194 
111.256 7.38211 5.91703 1572.46 31.1699 
113.768 6.51905 0.730591 1598.53 25.8044 
144.922 6.1087 9.27795 1584.9 34.23 
147.665 0.0089991 0.00579852 1575.02 35.008 
135.348 7.71723 3.65508 1564.15 36.0427 
106.632 0.949324 3.61892 1571.57 33.9383 
144.922 6.1087 9.27795 1584.9 34.23 
135.502 1.34343 2.77416 1575.45 26.5237 
148.236 9.21957 5.77855 1556.03 22.5949 
105.207 8.40316 6.95381 1564.74 43.1811 
128.179 5.62772 3.82974 1581.68 33.2046 
132.667 6.21211 3.96045 1569 28.0649 
133.25 9.44868 5.89894 1562.84 30.6624 
144.103 7.22494 8.58338 1563.48 27.5197 
139.082 1.53432 2.18435 1561.41 26.2314 
135.999 4.5578 5.86456 1588.78 25.3842 
137.189 4.11129 5.14066 1578.23 34.7643 
137.042 4.39424 8.80587 1585.1 41.8321 
133.705 3.84721 3.99627 1554.69 43.3918 
125.02 5.0201 5.0201 1575.02 35.0201 
123.433 5.29963 4.94466 1575.27 34.8999 
139.55 7.81613 5.09506 1562.58 26.8757 
143.553 1.85917 1.88212 1575.68 35.9435 
134.942 6.57128 7.86713 1580.4 35.4734 
141.522 7.30804 2.27234 1580 20.9631 
139.587 7.01904 3.03448 1583.65 32.4728 
125.01 5.01028 5.01028 1575.01 35.0103 
142.931 4.48517 9.82941 1583 41.2622 
128.942 8.94223 8.94223 1578.94 38.9422 
128.803 5.80116 6.76782 1581.99 33.0745 
142.332 9.41986 0.386047 1582.94 31.8021 
125.01 5.01028 5.01028 1575.01 35.0103 
128.79 8.79016 8.79016 1578.79 38.7902 
140.421 5.07139 2.3948 1553.79 33.9738 
144.052 0.302124 1.18195 1556.6 23.1247 
133.208 1.50757 6.36322 1578.48 32.6608 
100.396 5.67383 2.01386 1590.3 37.5658 
149.101 9.65424 5.14435 1554.4 21.5216 
118.352 0.585938 3.29742 1566.98 42.739 
125.02 5.0201 5.0201 1575.02 35.0201 
104.839 4.27917 1.78345 1576.35 40.6076 
125.013 5.01254 5.01254 1575.01 35.0125 
116.414 5.10383 1.98871 1576.05 26.7386 
125.02 5.02019 5.02019 1575.02 35.0202 
148.236 9.21957 5.77855 1556.03 22.5949 
125.02 5.0201 5.0201 1575.02 35.0201 
105.075 8.8532 6.8674 1562.96 42.8722 
136.847 7.78448 8.37439 1564.79 28.0387 
125.019 5.01943 5.01943 1575.02 35.0194 
111.292 7.89306 3.23223 1572.36 42.3198 
130.296 7.58514 4.01062 1567.49 45.2786 
131.183 8.30887 8.58323 1579.61 38.7238 
128.79 8.79016 8.79016 1578.79 38.7902 
147.688 2.0722e-010 2.21159e-014 1575.02 35.0201 
142.535 4.44979 1.95019 1586.53 33.7168 
128.111 5.32659 5.50126 1575.31 36.4826 
142.63 2.10571 1.15601 1577.66 20.4276 
130.489 6.39008 2.9599 1595.93 28.6124 
139.481 7.2825 2.97121 1576.57 21.5728 
125.009 5.00884 5.00884 1575.01 35.0088 
128.79 8.79016 8.79016 1578.79 38.7902 
145.81 4.03446 4.09576 1568.01 37.2635 
140.441 3.03067 2.51132 1571.76 35.2612 
128.942 8.94223 8.94223 1578.94 38.9422 
134.464 0.317383 6.83899 1577.06 42.6668 
125.01 5.00978 5.00978 1575.01 35.0098 
124.076 5.15323 5.24993 1573.27 35.7606 
143.639 7.31994 8.65465 1564.1 27.9482 
136.531 9.99298 9.69299 1593.37 45.2054 
142.931 4.48517 9.82941 1583 41.2622 
135.229 5.34773 4.91652 1570.61 28.2593 
142.332 9.41986 0.386047 1582.94 31.8021 
143.654 4.90485 1.39484 1569.53 42.2511 
